1	0	0	0	0	0	0	0	0	0	0	0	0	0	0	0	0	0	0	0	0	0	0	0	0	0	0	0	0	0	0	0	0	0	0	0	0	0	0	0	0	0	0	0	0	0	0	0	0	0	0	0	0	0	0	0	0	0	0	0	0	0	0	0	0	0	0	0	0	0	0	0	0	0	0	0	0	0	0	0	0	0	0	0	0	0	0	0	0	0	0	0	0	0	0	0	0	0	0	0	0	0	0	0	0	0	0	0	0	0	0	0	0	0	0	0	0	0	0	0	0	0	0	0	0	0	0	0	0	0	0	0	0	0	0	0	0	0	0	0
0	1	0.6653	0.6411	0.6316	0	0	0.8405	0.8728	0	0.6788	0.8236	0.8485	0.6330625	0.6061	0.6276	0.6434	0	0.6223	0.6386	0.865	0.8376	0	0	0.8225	0.8103	0.8328	0.8009	0	0.7958	0.8331	0.5781	0.6257375	0.595675	0.635221429	0	0.63136	0.5847	0	0	0	0.7043	0	0.7632	0.7911	0.617078571	0.7315	0	0.8163	0.7488	0.7563	0	0	0.6706	0	0.7648	0.7528	0.6201	0	0	0.6447	0.6516	0.6145	0.7135	0	0	0	0.7929	0.7796	0.8183	0.7831	0.7072	0.6304	0.694	0.8318	0	0.813	0.8342	0	0	0	0.8563	0.8467	0	0.7488	0	0.6532	0.615	0.7682	0.6046	0	0.5598	0	0.9276	0.9163	0.8771	0	0	0.8456	0.7799	0.747	0.747	0.8154	0.8575	0.831	0.6739	0	0.6592	0.6363	0.6449	0	0	0.6495	0.6495	0.637	0.6429	0.6579	0.91	0	0.6718	0	0.6187	0.6282	0.6918	0	0.5755	0	0.6453	0.6453	0.6441	0.64	0	0.7681	0	0.6772	0.7127	0.686	0.6756	0.6759	0
0	0.6653	1	0.8781	0.7772	0	0	0.6545	0.7203	0	0.6612	0.6258	0.7071	0.5565125	0.6291	0.6981	0.6806	0	0.594	0.6473	0.5931	0.6823	0	0	0.6936	0.6365	0.6341	0.6487	0	0.6426	0.7153	0.6504	0.6092	0.5826625	0.592521429	0	0.57438	0.6766	0	0	0	0.7071	0	0.7241	0.7279	0.573992857	0.7081	0	0.739	0.7136	0.7463	0	0	0.6792	0	0.7354	0.728	0.56	0	0	0.6308	0.6484	0.6996	0.7829	0	0	0	0.7255	0.7151	0.7165	0.6701	0.642	0.641	0.7194	0.6709	0	0.6621	0.6623	0	0	0	0.6809	0.658	0	0.7136	0	0.5538	0.6469	0.6647	0.7456	0	0.6882	0	0.659	0.6758	0.6938	0	0	0.7225	0.7259	0.6932	0.6932	0.7208	0.7277	0.7203	0.7204	0	0.7494	0.754	0.713	0	0	0.744	0.744	0.7075	0.7286	0.7558	0.6974	0	0.6937	0	0.6691	0.6924	0.6911	0	0.6838	0	0.6961	0.6961	0.6538	0.6953	0	0.6244	0	0.7376	0.783	0.7614	0.7619	0.7259	0
0	0.6411	0.8781	1	0.79	0	0	0.6226	0.714	0	0.6905	0.6302	0.6873	0.55525	0.6087	0.6377	0.6605	0	0.5796	0.6183	0.6013	0.6571	0	0	0.6645	0.6163	0.6192	0.6339	0	0.6327	0.688	0.6629	0.6124125	0.5867625	0.593271429	0	0.5447	0.6591	0	0	0	0.7173	0	0.7224	0.7306	0.571492857	0.6903	0	0.7269	0.7337	0.749	0	0	0.6562	0	0.7379	0.7229	0.5529	0	0	0.5949	0.6418	0.7258	0.8099	0	0	0	0.7123	0.7111	0.7137	0.6162	0.6594	0.6168	0.6831	0.6452	0	0.6372	0.6354	0	0	0	0.6734	0.6408	0	0.7337	0	0.5147	0.6463	0.657	0.7782	0	0.7277	0	0.6386	0.676	0.7142	0	0	0.7074	0.7154	0.6948	0.6948	0.7447	0.7423	0.7411	0.7721	0	0.7524	0.738	0.7079	0	0	0.7264	0.7264	0.7088	0.7241	0.7645	0.6918	0	0.6771	0	0.7012	0.6734	0.6941	0	0.695	0	0.6886	0.6886	0.6627	0.6776	0	0.6285	0	0.7664	0.8023	0.7636	0.7832	0.7576	0
0	0.6316	0.7772	0.79	1	0	0	0.6076	0.6843	0	0.6952	0.6845	0.6983	0.5359375	0.6117	0.5533	0.6093	0	0.5817	0.5726	0.6365	0.6288	0	0	0.638	0.6393	0.6346	0.6231	0	0.6076	0.6948	0.6083	0.5887125	0.5460875	0.592642857	0	0.54734	0.6107	0	0	0	0.6897	0	0.6952	0.7154	0.548807143	0.6916	0	0.7006	0.6887	0.6885	0	0	0.6199	0	0.712	0.7076	0.5964	0	0	0.569	0.6141	0.6743	0.749	0	0	0	0.6868	0.6616	0.6775	0.5558	0.6262	0.5949	0.6466	0.6871	0	0.6065	0.5965	0	0	0	0.6601	0.6456	0	0.6887	0	0.6091	0.6097	0.6738	0.6894	0	0.6881	0	0.6347	0.6776	0.7234	0	0	0.6604	0.6933	0.6778	0.6778	0.7215	0.7019	0.7166	0.7881	0	0.6498	0.6439	0.6128	0	0	0.6364	0.6364	0.653	0.6366	0.6752	0.6482	0	0.6239	0	0.651	0.5851	0.6386	0	0.5972	0	0.6478	0.6478	0.6475	0.617	0	0.6058	0	0.7277	0.7501	0.6877	0.7142	0.7413	0
0	0	0	0	0	1	0	0	0	0	0	0	0	0	0	0	0	0	0	0	0	0	0	0	0	0	0	0	0	0	0	0	0	0	0	0	0	0	0	0	0	0	0	0	0	0	0	0	0	0	0	0	0	0	0	0	0	0	0	0	0	0	0	0	0	0	0	0	0	0	0	0	0	0	0	0	0	0	0	0	0	0	0	0	0	0	0	0	0	0	0	0	0	0	0	0	0	0	0	0	0	0	0	0	0	0	0	0	0	0	0	0	0	0	0	0	0	0	0	0	0	0	0	0	0	0	0	0	0	0	0	0	0	0	0	0	0	0	0	0
0	0	0	0	0	0	1	0	0	0	0	0	0	0	0	0	0	0	0	0	0	0	0	0	0	0	0	0	0	0	0	0	0	0	0	0	0	0	0	0	0	0	0	0	0	0	0	0	0	0	0	0	0	0	0	0	0	0	0	0	0	0	0	0	0	0	0	0	0	0	0	0	0	0	0	0	0	0	0	0	0	0	0	0	0	0	0	0	0	0	0	0	0	0	0	0	0	0	0	0	0	0	0	0	0	0	0	0	0	0	0	0	0	0	0	0	0	0	0	0	0	0	0	0	0	0	0	0	0	0	0	0	0	0	0	0	0	0	0	0
0	0.8405	0.6545	0.6226	0.6076	0	0	1	0.8139	0	0.653	0.787	0.7513	0.5946125	0.6007	0.6273	0.643	0	0.6688	0.6278	0.7935	0.7825	0	0	0.7699	0.7457	0.7714	0.7798	0	0.7625	0.7833	0.5964	0.6361	0.6188625	0.629971429	0	0.63452	0.6153	0	0	0	0.679	0	0.76	0.7166	0.660228571	0.6941	0	0.7358	0.6584	0.6819	0	0	0.645	0	0.6682	0.6741	0.5842	0	0	0.6314	0.651	0.5915	0.6732	0	0	0	0.7224	0.7091	0.7247	0.796	0.75	0.5944	0.6517	0.7475	0	0.8336	0.8714	0	0	0	0.8344	0.8185	0	0.6584	0	0.6372	0.6442	0.8492	0.6212	0	0.5419	0	0.8441	0.8185	0.8172	0	0	0.8005	0.7063	0.6738	0.6738	0.727	0.7566	0.735	0.6413	0	0.6775	0.677	0.6817	0	0	0.6849	0.6849	0.6302	0.6699	0.6639	0.828	0	0.649	0	0.6059	0.6328	0.6966	0	0.6138	0	0.6219	0.6219	0.6532	0.6339	0	0.8197	0	0.6738	0.6813	0.6459	0.6606	0.6673	0
0	0.8728	0.7203	0.714	0.6843	0	0	0.8139	1	0	0.7155	0.8341	0.8252	0.6262	0.6403	0.6263	0.655	0	0.69	0.676	0.8194	0.832	0	0	0.8225	0.8063	0.813	0.7919	0	0.8068	0.8458	0.5791	0.699425	0.679225	0.672428571	0	0.6652	0.6371	0	0	0	0.7789	0	0.7718	0.8257	0.653064286	0.7809	0	0.8681	0.8263	0.8006	0	0	0.7036	0	0.8188	0.8075	0.6322	0	0	0.6726	0.6486	0.657	0.7926	0	0	0	0.8548	0.8383	0.8762	0.7787	0.754	0.654	0.6979	0.8518	0	0.8331	0.8529	0	0	0	0.8901	0.855	0	0.8263	0	0.677	0.6414	0.7886	0.7053	0	0.6511	0	0.8795	0.8973	0.8748	0	0	0.8466	0.8417	0.7813	0.7813	0.8702	0.8988	0.887	0.7246	0	0.6542	0.6467	0.6148	0	0	0.6315	0.6315	0.6364	0.6459	0.6428	0.8969	0	0.7139	0	0.6637	0.645	0.728	0	0.6537	0	0.702	0.702	0.7073	0.686	0	0.766	0	0.7311	0.7772	0.7095	0.7173	0.7575	0
0	0	0	0	0	0	0	0	0	1	0	0	0	0	0	0	0	0	0	0	0	0	0	0	0	0	0	0	0	0	0	0	0	0	0	0	0	0	0	0	0	0	0	0	0	0	0	0	0	0	0	0	0	0	0	0	0	0	0	0	0	0	0	0	0	0	0	0	0	0	0	0	0	0	0	0	0	0	0	0	0	0	0	0	0	0	0	0	0	0	0	0	0	0	0	0	0	0	0	0	0	0	0	0	0	0	0	0	0	0	0	0	0	0	0	0	0	0	0	0	0	0	0	0	0	0	0	0	0	0	0	0	0	0	0	0	0	0	0	0
0	0.6788	0.6612	0.6905	0.6952	0	0	0.653	0.7155	0	1	0.7484	0.6902	0.5793	0.7014	0.6481	0.6914	0	0.6661	0.6908	0.6752	0.6716	0	0	0.6823	0.6687	0.6629	0.663	0	0.6625	0.7231	0.6495	0.6040125	0.56985	0.612192857	0	0.61228	0.6091	0	0	0	0.7587	0	0.7414	0.7664	0.630871429	0.7222	0	0.7855	0.7571	0.7478	0	0	0.656	0	0.7834	0.7776	0.6143	0	0	0.6524	0.6462	0.7747	0.7775	0	0	0	0.7646	0.7518	0.7601	0.5963	0.6672	0.6724	0.6915	0.7467	0	0.6744	0.6604	0	0	0	0.6824	0.6567	0	0.7571	0	0.6478	0.7096	0.6865	0.7349	0	0.7047	0	0.7033	0.7172	0.7361	0	0	0.683	0.7515	0.7361	0.7361	0.7985	0.7856	0.8005	0.7565	0	0.6717	0.6752	0.6664	0	0	0.6812	0.6812	0.6778	0.7019	0.6708	0.7183	0	0.635	0	0.6862	0.618	0.6767	0	0.6559	0	0.6623	0.6623	0.6596	0.6759	0	0.6839	0	0.7238	0.7343	0.6933	0.7006	0.74	0
0	0.8236	0.6258	0.6302	0.6845	0	0	0.787	0.8341	0	0.7484	1	0.8244	0.6283375	0.7318	0.6206	0.6946	0	0.694	0.7198	0.8372	0.779	0	0	0.7932	0.7954	0.7988	0.7955	0	0.7911	0.8058	0.5887	0.605475	0.5886375	0.639721429	0	0.65616	0.594	0	0	0	0.7517	0	0.7288	0.83	0.651878571	0.7766	0	0.8116	0.7811	0.7839	0	0	0.6961	0	0.781	0.7785	0.6585	0	0	0.6715	0.668	0.6215	0.7519	0	0	0	0.8135	0.7845	0.8062	0.6802	0.6631	0.6169	0.6436	0.8258	0	0.7707	0.768	0	0	0	0.7674	0.7781	0	0.7811	0	0.7064	0.6791	0.7772	0.6615	0	0.6118	0	0.8268	0.8333	0.8169	0	0	0.7736	0.8005	0.7745	0.7745	0.8203	0.8313	0.8302	0.68	0	0.6338	0.5925	0.6288	0	0	0.6372	0.6372	0.6324	0.6422	0.6486	0.8166	0	0.6691	0	0.6669	0.6153	0.7024	0	0.5856	0	0.6808	0.6808	0.6648	0.6523	0	0.7439	0	0.6642	0.6932	0.644	0.6363	0.6715	0
0	0.8485	0.7071	0.6873	0.6983	0	0	0.7513	0.8252	0	0.6902	0.8244	1	0.6008625	0.698	0.6079	0.661	0	0.6352	0.6997	0.8174	0.7513	0	0	0.7766	0.7833	0.779	0.7696	0	0.7633	0.7985	0.5829	0.5887375	0.57615	0.621978571	0	0.6125	0.5875	0	0	0	0.7667	0	0.7269	0.8232	0.593378571	0.8024	0	0.8261	0.8049	0.8182	0	0	0.7306	0	0.8231	0.8154	0.6013	0	0	0.6239	0.6565	0.6477	0.7478	0	0	0	0.8179	0.8017	0.8231	0.7268	0.658	0.5965	0.6727	0.8648	0	0.7372	0.7491	0	0	0	0.7652	0.7559	0	0.8049	0	0.6907	0.642	0.7344	0.6484	0	0.6259	0	0.8309	0.8687	0.8512	0	0	0.8195	0.8277	0.8066	0.8066	0.8343	0.8481	0.8423	0.6741	0	0.6341	0.5914	0.6033	0	0	0.6267	0.6267	0.651	0.6357	0.6358	0.8554	0	0.7083	0	0.6529	0.6378	0.71	0	0.5864	0	0.7243	0.7243	0.6874	0.6537	0	0.7052	0	0.6677	0.7471	0.6829	0.6687	0.6816	0
0	0.6330625	0.5565125	0.55525	0.5359375	0	0	0.5946125	0.6262	0	0.5793	0.6283375	0.6008625	1	0.580875	0.548025	0.57885	0	0.5687125	0.586	0.61425	0.5974	0	0	0.6140625	0.5872875	0.5917125	0.59025	0	0.5912375	0.6081875	0.5176	0.68675	0.6760625	0.669242857	0	0.70644	0.5881375	0	0	0	0.5970625	0	0.6099375	0.6205	0.714164286	0.592125	0	0.62005	0.604675	0.6018	0	0	0.60835	0	0.6267875	0.6111875	0.567275	0	0	0.5928875	0.6067625	0.56435	0.6105875	0	0	0	0.6203	0.6021	0.622975	0.5912	0.5568125	0.586425	0.6058375	0.608375	0	0.593	0.601	0	0	0	0.609175	0.60445	0	0.604675	0	0.5417125	0.564425	0.6016375	0.56685	0	0.5366125	0	0.6275	0.6231	0.6111125	0	0	0.60355	0.6108875	0.6194875	0.6194875	0.6253375	0.62635	0.6231375	0.5412875	0	0.556525	0.544	0.56435	0	0	0.551075	0.551075	0.5782125	0.5768875	0.5574625	0.6257875	0	0.5903125	0	0.58055	0.583875	0.584	0	0.5368375	0	0.5932875	0.5932875	0.54705	0.5916375	0	0.5818875	0	0.57255	0.5637625	0.5734375	0.573075	0.5716375	0
0	0.6061	0.6291	0.6087	0.6117	0	0	0.6007	0.6403	0	0.7014	0.7318	0.698	0.580875	1	0.7214	0.8065	0	0.7729	0.919	0.6078	0.6179	0	0	0.6474	0.6653	0.651	0.673	0	0.6543	0.6636	0.5877	0.474175	0.508025	0.592614286	0	0.5882	0.6174	0	0	0	0.7033	0	0.619	0.7234	0.635207143	0.7544	0	0.7322	0.7352	0.7398	0	0	0.6985	0	0.7522	0.7353	0.5159	0	0	0.6359	0.5691	0.6135	0.6737	0	0	0	0.7332	0.7563	0.7232	0.5896	0.5486	0.6204	0.5991	0.7241	0	0.6223	0.5847	0	0	0	0.5795	0.5395	0	0.7352	0	0.7081	0.689	0.5969	0.6649	0	0.6769	0	0.6108	0.6456	0.6292	0	0	0.6366	0.7413	0.7523	0.7523	0.7229	0.7127	0.7401	0.5653	0	0.6077	0.5547	0.5989	0	0	0.6164	0.6164	0.6474	0.6219	0.6175	0.6523	0	0.6073	0	0.6683	0.5798	0.6522	0	0.6067	0	0.7116	0.7116	0.6036	0.6406	0	0.5391	0	0.5785	0.625	0.5816	0.5596	0.5888	0
0	0.6276	0.6981	0.6377	0.5533	0	0	0.6273	0.6263	0	0.6481	0.6206	0.6079	0.548025	0.7214	1	0.8185	0	0.6746	0.788	0.5292	0.6564	0	0	0.6625	0.6072	0.5979	0.6401	0	0.6017	0.6599	0.6435	0.5806	0.5750625	0.620671429	0	0.62436	0.6456	0	0	0	0.6224	0	0.6521	0.6461	0.690021429	0.646	0	0.6453	0.6111	0.6628	0	0	0.6835	0	0.632	0.6457	0.5987	0	0	0.7608	0.6504	0.6503	0.6162	0	0	0	0.6309	0.6589	0.6174	0.6783	0.5614	0.7663	0.7527	0.6276	0	0.6651	0.6302	0	0	0	0.5963	0.5797	0	0.6111	0	0.6056	0.7253	0.5773	0.6783	0	0.5981	0	0.6447	0.606	0.5793	0	0	0.6696	0.622	0.6162	0.6162	0.6137	0.6456	0.6223	0.5203	0	0.7605	0.7072	0.7242	0	0	0.7386	0.7386	0.7047	0.6941	0.7264	0.6581	0	0.6997	0	0.6514	0.6829	0.6888	0	0.6526	0	0.6717	0.6717	0.5687	0.6921	0	0.5668	0	0.6401	0.6248	0.6697	0.6218	0.5786	0
0	0.6434	0.6806	0.6605	0.6093	0	0	0.643	0.655	0	0.6914	0.6946	0.661	0.57885	0.8065	0.8185	1	0	0.7377	0.8287	0.5867	0.6865	0	0	0.6827	0.6639	0.6558	0.6842	0	0.6581	0.6771	0.6689	0.5699375	0.5593125	0.623171429	0	0.63648	0.6666	0	0	0	0.6548	0	0.64	0.6792	0.699642857	0.6744	0	0.6811	0.6524	0.695	0	0	0.7503	0	0.6978	0.6584	0.6059	0	0	0.7087	0.6364	0.6723	0.6613	0	0	0	0.6645	0.681	0.67	0.6506	0.5954	0.7122	0.6836	0.6565	0	0.6767	0.6324	0	0	0	0.6249	0.5872	0	0.6524	0	0.6729	0.7445	0.6325	0.7356	0	0.657	0	0.6516	0.6453	0.6296	0	0	0.6713	0.6759	0.6531	0.6531	0.6588	0.6771	0.6718	0.6025	0	0.7668	0.6975	0.7232	0	0	0.7466	0.7466	0.7384	0.7428	0.7348	0.6722	0	0.6791	0	0.7042	0.6775	0.7354	0	0.654	0	0.6763	0.6763	0.6006	0.6891	0	0.5864	0	0.6866	0.6616	0.708	0.6491	0.6315	0
0	0	0	0	0	0	0	0	0	0	0	0	0	0	0	0	0	1	0	0	0	0	0	0	0	0	0	0	0	0	0	0	0	0	0	0	0	0	0	0	0	0	0	0	0	0	0	0	0	0	0	0	0	0	0	0	0	0	0	0	0	0	0	0	0	0	0	0	0	0	0	0	0	0	0	0	0	0	0	0	0	0	0	0	0	0	0	0	0	0	0	0	0	0	0	0	0	0	0	0	0	0	0	0	0	0	0	0	0	0	0	0	0	0	0	0	0	0	0	0	0	0	0	0	0	0	0	0	0	0	0	0	0	0	0	0	0	0	0	0
0	0.6223	0.594	0.5796	0.5817	0	0	0.6688	0.69	0	0.6661	0.694	0.6352	0.5687125	0.7729	0.6746	0.7377	0	1	0.7709	0.6479	0.6578	0	0	0.6629	0.6505	0.6406	0.6657	0	0.6681	0.6925	0.613	0.617575	0.615175	0.600792857	0	0.64648	0.5943	0	0	0	0.6271	0	0.595	0.6306	0.739107143	0.6567	0	0.6693	0.6157	0.6187	0	0	0.7124	0	0.6551	0.617	0.5229	0	0	0.6381	0.569	0.574	0.6177	0	0	0	0.6491	0.6811	0.6644	0.5747	0.659	0.6497	0.6296	0.6311	0	0.6705	0.6598	0	0	0	0.6556	0.5734	0	0.6157	0	0.7036	0.6614	0.7049	0.632	0	0.6381	0	0.644	0.6552	0.6405	0	0	0.6327	0.6497	0.6472	0.6472	0.6572	0.6762	0.6772	0.5854	0	0.5845	0.5928	0.5563	0	0	0.5893	0.5893	0.5856	0.582	0.5688	0.6563	0	0.6511	0	0.6528	0.6488	0.6715	0	0.6219	0	0.6709	0.6709	0.6572	0.6807	0	0.6235	0	0.6204	0.6173	0.5641	0.5941	0.6474	0
0	0.6386	0.6473	0.6183	0.5726	0	0	0.6278	0.676	0	0.6908	0.7198	0.6997	0.586	0.919	0.788	0.8287	0	0.7709	1	0.6199	0.6745	0	0	0.6929	0.6834	0.6652	0.6927	0	0.6779	0.6895	0.622	0.5023	0.5251375	0.607385714	0	0.60388	0.6282	0	0	0	0.6974	0	0.6265	0.7265	0.651471429	0.755	0	0.7436	0.7276	0.7534	0	0	0.7263	0	0.7548	0.7308	0.5506	0	0	0.6783	0.595	0.6395	0.6726	0	0	0	0.7369	0.7666	0.7326	0.6377	0.5496	0.6722	0.6524	0.727	0	0.6627	0.6349	0	0	0	0.6207	0.5828	0	0.7276	0	0.68	0.6937	0.6046	0.681	0	0.662	0	0.6553	0.6779	0.6504	0	0	0.6749	0.7408	0.7456	0.7456	0.7268	0.7383	0.7515	0.57	0	0.6535	0.5806	0.6305	0	0	0.6289	0.6289	0.661	0.6353	0.6459	0.6913	0	0.6572	0	0.6821	0.6257	0.6709	0	0.6488	0	0.7262	0.7262	0.6123	0.6654	0	0.5567	0	0.5888	0.6412	0.614	0.5745	0.591	0
0	0.865	0.5931	0.6013	0.6365	0	0	0.7935	0.8194	0	0.6752	0.8372	0.8174	0.61425	0.6078	0.5292	0.5867	0	0.6479	0.6199	1	0.7514	0	0	0.7345	0.7599	0.789	0.7894	0	0.7575	0.7798	0.5528	0.5927625	0.56745	0.594685714	0	0.60144	0.5576	0	0	0	0.672	0	0.6804	0.7351	0.590292857	0.6777	0	0.746	0.6997	0.7009	0	0	0.6544	0	0.7094	0.7005	0.5881	0	0	0.5907	0.5801	0.5928	0.6851	0	0	0	0.7359	0.7152	0.7455	0.6672	0.7268	0.5619	0.606	0.7759	0	0.7551	0.7793	0	0	0	0.8039	0.7697	0	0.6997	0	0.6224	0.592	0.7468	0.5851	0	0.5311	0	0.8466	0.8555	0.8315	0	0	0.7631	0.719	0.7251	0.7251	0.7524	0.8071	0.7824	0.6857	0	0.594	0.5621	0.604	0	0	0.6131	0.6131	0.6066	0.6042	0.6058	0.8208	0	0.6309	0	0.6091	0.5887	0.6776	0	0.5472	0	0.6269	0.6269	0.6675	0.6229	0	0.7215	0	0.6244	0.6587	0.6132	0.6359	0.6561	0
0	0.8376	0.6823	0.6571	0.6288	0	0	0.7825	0.832	0	0.6716	0.779	0.7513	0.5974	0.6179	0.6564	0.6865	0	0.6578	0.6745	0.7514	1	0	0	0.9203	0.8788	0.8884	0.8755	0	0.8741	0.9139	0.5948	0.6172625	0.597175	0.62275	0	0.6213	0.6101	0	0	0	0.6399	0	0.7104	0.707	0.6393	0.6788	0	0.7415	0.6914	0.7105	0	0	0.6776	0	0.6992	0.6796	0.5928	0	0	0.6502	0.6065	0.6097	0.6825	0	0	0	0.704	0.7286	0.737	0.731	0.6691	0.6139	0.6673	0.7754	0	0.8498	0.82	0	0	0	0.8379	0.8347	0	0.6914	0	0.6684	0.6408	0.7301	0.6279	0	0.5653	0	0.8512	0.8415	0.7934	0	0	0.7941	0.7105	0.6449	0.6449	0.762	0.7852	0.7803	0.6654	0	0.6337	0.6146	0.6256	0	0	0.6378	0.6378	0.5996	0.6164	0.6227	0.8538	0	0.6351	0	0.5726	0.6064	0.6757	0	0.5906	0	0.633	0.633	0.615	0.6303	0	0.7517	0	0.6595	0.6883	0.6805	0.6746	0.6521	0
0	0	0	0	0	0	0	0	0	0	0	0	0	0	0	0	0	0	0	0	0	0	1	0	0	0	0	0	0	0	0	0	0	0	0	0	0	0	0	0	0	0	0	0	0	0	0	0	0	0	0	0	0	0	0	0	0	0	0	0	0	0	0	0	0	0	0	0	0	0	0	0	0	0	0	0	0	0	0	0	0	0	0	0	0	0	0	0	0	0	0	0	0	0	0	0	0	0	0	0	0	0	0	0	0	0	0	0	0	0	0	0	0	0	0	0	0	0	0	0	0	0	0	0	0	0	0	0	0	0	0	0	0	0	0	0	0	0	0	0
0	0	0	0	0	0	0	0	0	0	0	0	0	0	0	0	0	0	0	0	0	0	0	1	0	0	0	0	0	0	0	0	0	0	0	0	0	0	0	0	0	0	0	0	0	0	0	0	0	0	0	0	0	0	0	0	0	0	0	0	0	0	0	0	0	0	0	0	0	0	0	0	0	0	0	0	0	0	0	0	0	0	0	0	0	0	0	0	0	0	0	0	0	0	0	0	0	0	0	0	0	0	0	0	0	0	0	0	0	0	0	0	0	0	0	0	0	0	0	0	0	0	0	0	0	0	0	0	0	0	0	0	0	0	0	0	0	0	0	0
0	0.8225	0.6936	0.6645	0.638	0	0	0.7699	0.8225	0	0.6823	0.7932	0.7766	0.6140625	0.6474	0.6625	0.6827	0	0.6629	0.6929	0.7345	0.9203	0	0	1	0.8465	0.8445	0.8348	0	0.8319	0.9093	0.5964	0.620975	0.605475	0.635378571	0	0.62956	0.6154	0	0	0	0.6605	0	0.7107	0.7434	0.647792857	0.7219	0	0.7645	0.7253	0.7447	0	0	0.6854	0	0.7359	0.7139	0.5897	0	0	0.6646	0.6547	0.593	0.6981	0	0	0	0.7332	0.754	0.7615	0.7223	0.6508	0.6288	0.6784	0.8045	0	0.8185	0.7971	0	0	0	0.8174	0.8128	0	0.7253	0	0.6841	0.6668	0.7321	0.6249	0	0.5878	0	0.85	0.8392	0.7994	0	0	0.8141	0.7447	0.6837	0.6837	0.7794	0.7903	0.7927	0.6478	0	0.6411	0.6207	0.6371	0	0	0.6437	0.6437	0.5996	0.6163	0.6322	0.8501	0	0.6493	0	0.5953	0.6228	0.683	0	0.5955	0	0.6686	0.6686	0.6155	0.6388	0	0.7418	0	0.6525	0.6831	0.6791	0.6674	0.6557	0
0	0.8103	0.6365	0.6163	0.6393	0	0	0.7457	0.8063	0	0.6687	0.7954	0.7833	0.5872875	0.6653	0.6072	0.6639	0	0.6505	0.6834	0.7599	0.8788	0	0	0.8465	1	0.9536	0.908	0	0.9125	0.8639	0.5262	0.5842375	0.5720125	0.617942857	0	0.60476	0.5926	0	0	0	0.6627	0	0.655	0.6995	0.59265	0.6984	0	0.7376	0.7186	0.697	0	0	0.6822	0	0.7093	0.7057	0.6033	0	0	0.6448	0.5654	0.5879	0.6521	0	0	0	0.7249	0.7132	0.7385	0.7308	0.6358	0.5913	0.6208	0.7886	0	0.8243	0.8069	0	0	0	0.8377	0.8418	0	0.7186	0	0.7272	0.5893	0.6925	0.5951	0	0.5673	0	0.834	0.8419	0.7974	0	0	0.7757	0.7169	0.6652	0.6652	0.7725	0.7905	0.7949	0.6099	0	0.5859	0.5659	0.5611	0	0	0.5752	0.5752	0.5992	0.5701	0.5745	0.841	0	0.6232	0	0.5768	0.57	0.6261	0	0.5641	0	0.6667	0.6667	0.5979	0.6348	0	0.7068	0	0.5845	0.6292	0.6093	0.6	0.5761	0
0	0.8328	0.6341	0.6192	0.6346	0	0	0.7714	0.813	0	0.6629	0.7988	0.779	0.5917125	0.651	0.5979	0.6558	0	0.6406	0.6652	0.789	0.8884	0	0	0.8445	0.9536	1	0.9222	0	0.9338	0.8601	0.5425	0.5891125	0.57	0.615707143	0	0.6064	0.5988	0	0	0	0.6507	0	0.6553	0.6976	0.595092857	0.6917	0	0.7323	0.7046	0.6874	0	0	0.6534	0	0.6934	0.6919	0.5959	0	0	0.6334	0.5534	0.5877	0.6573	0	0	0	0.7132	0.7003	0.7312	0.7344	0.6512	0.5614	0.6018	0.7871	0	0.8444	0.8235	0	0	0	0.8386	0.8452	0	0.7046	0	0.7171	0.5887	0.7033	0.6087	0	0.5607	0	0.8442	0.8501	0.7989	0	0	0.7734	0.7106	0.6634	0.6634	0.7608	0.7905	0.7867	0.6208	0	0.5907	0.5777	0.5835	0	0	0.602	0.602	0.5898	0.5822	0.5897	0.8438	0	0.6058	0	0.5633	0.5642	0.6315	0	0.5694	0	0.6287	0.6287	0.5908	0.6184	0	0.7231	0	0.6074	0.6295	0.6131	0.6087	0.5956	0
0	0.8009	0.6487	0.6339	0.6231	0	0	0.7798	0.7919	0	0.663	0.7955	0.7696	0.59025	0.673	0.6401	0.6842	0	0.6657	0.6927	0.7894	0.8755	0	0	0.8348	0.908	0.9222	1	0	0.9251	0.8485	0.5716	0.5782125	0.565125	0.604692857	0	0.60018	0.601	0	0	0	0.6242	0	0.6504	0.6846	0.625892857	0.648	0	0.6912	0.6604	0.6718	0	0	0.6685	0	0.6652	0.6634	0.5991	0	0	0.635	0.5627	0.6062	0.6455	0	0	0	0.67	0.6762	0.6874	0.7398	0.6633	0.5807	0.6154	0.7379	0	0.852	0.8193	0	0	0	0.8011	0.8166	0	0.6604	0	0.6848	0.6181	0.7067	0.6292	0	0.5706	0	0.8284	0.823	0.7757	0	0	0.7544	0.6675	0.6362	0.6362	0.7235	0.7555	0.7494	0.6342	0	0.6292	0.5979	0.6174	0	0	0.653	0.653	0.6071	0.6035	0.6234	0.8143	0	0.6163	0	0.5616	0.5671	0.655	0	0.578	0	0.6211	0.6211	0.5787	0.6155	0	0.7311	0	0.6197	0.6344	0.6344	0.6168	0.6122	0
0	0	0	0	0	0	0	0	0	0	0	0	0	0	0	0	0	0	0	0	0	0	0	0	0	0	0	0	1	0	0	0	0	0	0	0	0	0	0	0	0	0	0	0	0	0	0	0	0	0	0	0	0	0	0	0	0	0	0	0	0	0	0	0	0	0	0	0	0	0	0	0	0	0	0	0	0	0	0	0	0	0	0	0	0	0	0	0	0	0	0	0	0	0	0	0	0	0	0	0	0	0	0	0	0	0	0	0	0	0	0	0	0	0	0	0	0	0	0	0	0	0	0	0	0	0	0	0	0	0	0	0	0	0	0	0	0	0	0	0
0	0.7958	0.6426	0.6327	0.6076	0	0	0.7625	0.8068	0	0.6625	0.7911	0.7633	0.5912375	0.6543	0.6017	0.6581	0	0.6681	0.6779	0.7575	0.8741	0	0	0.8319	0.9125	0.9338	0.9251	0	1	0.837	0.5485	0.5904	0.5828875	0.603635714	0	0.605	0.617	0	0	0	0.6552	0	0.6391	0.7146	0.608192857	0.6788	0	0.728	0.7029	0.6928	0	0	0.6691	0	0.7037	0.6749	0.5837	0	0	0.6461	0.556	0.5927	0.669	0	0	0	0.7039	0.7068	0.7333	0.7373	0.6315	0.5665	0.5948	0.7567	0	0.8275	0.8112	0	0	0	0.8125	0.8268	0	0.7029	0	0.6833	0.6047	0.7093	0.6333	0	0.5796	0	0.8005	0.8191	0.7806	0	0	0.7494	0.7046	0.6639	0.6639	0.7582	0.7799	0.7794	0.617	0	0.5957	0.5843	0.5762	0	0	0.6117	0.6117	0.5885	0.5829	0.5888	0.8087	0	0.6181	0	0.5882	0.5859	0.6511	0	0.6071	0	0.6499	0.6499	0.5931	0.6246	0	0.7481	0	0.5984	0.6364	0.6071	0.5974	0.6045	0
0	0.8331	0.7153	0.688	0.6948	0	0	0.7833	0.8458	0	0.7231	0.8058	0.7985	0.6081875	0.6636	0.6599	0.6771	0	0.6925	0.6895	0.7798	0.9139	0	0	0.9093	0.8639	0.8601	0.8485	0	0.837	1	0.6171	0.65365	0.63435	0.655771429	0	0.64084	0.6134	0	0	0	0.7056	0	0.7568	0.7649	0.652314286	0.7312	0	0.7875	0.7367	0.7555	0	0	0.6971	0	0.7436	0.7429	0.6016	0	0	0.6778	0.6601	0.6445	0.7226	0	0	0	0.7591	0.7678	0.7707	0.7213	0.7079	0.648	0.7134	0.8118	0	0.8281	0.807	0	0	0	0.8475	0.8281	0	0.7367	0	0.6922	0.6675	0.7487	0.6628	0	0.616	0	0.8513	0.8554	0.8287	0	0	0.8156	0.7602	0.7126	0.7126	0.7975	0.8158	0.8196	0.6888	0	0.658	0.6387	0.6468	0	0	0.6596	0.6596	0.642	0.6447	0.6559	0.8537	0	0.6695	0	0.6286	0.6389	0.7042	0	0.6199	0	0.7076	0.7076	0.6796	0.6805	0	0.7552	0	0.692	0.7236	0.7081	0.7029	0.6908	0
0	0.5781	0.6504	0.6629	0.6083	0	0	0.5964	0.5791	0	0.6495	0.5887	0.5829	0.5176	0.5877	0.6435	0.6689	0	0.613	0.622	0.5528	0.5948	0	0	0.5964	0.5262	0.5425	0.5716	0	0.5485	0.6171	1	0.5986625	0.5811625	0.564114286	0	0.58876	0.5518	0	0	0	0.5197	0	0.6602	0.5855	0.636314286	0.567	0	0.576	0.5528	0.598	0	0	0.6483	0	0.5705	0.5549	0.5985	0	0	0.6939	0.6469	0.6629	0.612	0	0	0	0.5483	0.5843	0.5619	0.6068	0.5743	0.6316	0.6434	0.5459	0	0.5939	0.6077	0	0	0	0.5679	0.5471	0	0.5528	0	0.6122	0.6402	0.5474	0.6273	0	0.5861	0	0.5733	0.568	0.5624	0	0	0.6001	0.5653	0.5433	0.5433	0.5701	0.5872	0.5727	0.6307	0	0.6692	0.6925	0.6403	0	0	0.668	0.668	0.6677	0.6733	0.6692	0.5988	0	0.6164	0	0.6459	0.6894	0.7253	0	0.6205	0	0.6031	0.6031	0.5519	0.6321	0	0.594	0	0.6764	0.657	0.6833	0.6498	0.6809	0
0	0.6257375	0.6092	0.6124125	0.5887125	0	0	0.6361	0.699425	0	0.6040125	0.605475	0.5887375	0.68675	0.474175	0.5806	0.5699375	0	0.617575	0.5023	0.5927625	0.6172625	0	0	0.620975	0.5842375	0.5891125	0.5782125	0	0.5904	0.65365	0.5986625	1	0.8525125	0.6844	0	0.7178	0.5691625	0	0	0	0.5879125	0	0.6648375	0.6023875	0.695857143	0.5863625	0	0.6162125	0.573125	0.5570125	0	0	0.6838625	0	0.5887	0.60975	0.658525	0	0	0.690525	0.6670125	0.655875	0.635475	0	0	0	0.6057875	0.58015	0.6127875	0.5985	0.65435	0.67255	0.6894875	0.5799	0	0.6237125	0.6372125	0	0	0	0.681175	0.6501	0	0.573125	0	0.640425	0.607175	0.675225	0.648575	0	0.5947625	0	0.6291875	0.6117875	0.625375	0	0	0.6272875	0.5997875	0.5744875	0.5744875	0.625775	0.62635	0.61045	0.6097625	0	0.6201875	0.6208875	0.5882875	0	0	0.5838125	0.5838125	0.625375	0.6094875	0.608525	0.64275	0	0.680975	0	0.6576375	0.6967125	0.67975	0	0.5955875	0	0.6372	0.6372	0.64375	0.6726125	0	0.6890625	0	0.7000625	0.6544	0.6530375	0.6781875	0.6945375	0
0	0.595675	0.5826625	0.5867625	0.5460875	0	0	0.6188625	0.679225	0	0.56985	0.5886375	0.57615	0.6760625	0.508025	0.5750625	0.5593125	0	0.615175	0.5251375	0.56745	0.597175	0	0	0.605475	0.5720125	0.57	0.565125	0	0.5828875	0.63435	0.5811625	0.8525125	1	0.699128571	0	0.74982	0.5536375	0	0	0	0.58495	0	0.6377	0.598325	0.708464286	0.5819375	0	0.607925	0.5699625	0.5558125	0	0	0.6700375	0	0.5922875	0.6018125	0.6407	0	0	0.6724875	0.65225	0.6204875	0.6169375	0	0	0	0.6138	0.5832625	0.6106125	0.584075	0.6181625	0.6397125	0.6479625	0.5688875	0	0.6051	0.6139	0	0	0	0.65545	0.626275	0	0.5699625	0	0.6335125	0.5977625	0.6424625	0.637525	0	0.5871625	0	0.5998375	0.5937375	0.6119125	0	0	0.615025	0.600975	0.5764125	0.5764125	0.6109875	0.6098	0.6017125	0.569375	0	0.5872375	0.5877125	0.565175	0	0	0.5506375	0.5506375	0.6114	0.581875	0.581925	0.6174875	0	0.660525	0	0.647575	0.692625	0.682075	0	0.599475	0	0.62815	0.62815	0.6343	0.667925	0	0.668525	0	0.6709375	0.64155	0.630225	0.6514125	0.6665375	0
0	0.635221429	0.592521429	0.593271429	0.592642857	0	0	0.629971429	0.672428571	0	0.612192857	0.639721429	0.621978571	0.669242857	0.592614286	0.620671429	0.623171429	0	0.600792857	0.607385714	0.594685714	0.62275	0	0	0.635378571	0.617942857	0.615707143	0.604692857	0	0.603635714	0.655771429	0.564114286	0.6844	0.699128571	1	0	0.7176	0.62655	0	0	0	0.643242857	0	0.650092857	0.637264286	0.684407143	0.650085714	0	0.640357143	0.61985	0.614407143	0	0	0.672035714	0	0.640035714	0.643864286	0.637957143	0	0	0.6999	0.633292857	0.625607143	0.649228571	0	0	0	0.644428571	0.620564286	0.637671429	0.618192857	0.5795	0.662321429	0.673921429	0.636814286	0	0.624742857	0.628607143	0	0	0	0.649085714	0.644071429	0	0.61985	0	0.66525	0.629007143	0.649964286	0.646671429	0	0.610907143	0	0.634728571	0.628828571	0.636014286	0	0	0.652357143	0.629328571	0.623807143	0.623807143	0.65545	0.651171429	0.64915	0.567807143	0	0.609292857	0.600935714	0.582114286	0	0	0.577628571	0.577628571	0.641914286	0.611257143	0.599485714	0.654885714	0	0.655807143	0	0.633892857	0.637207143	0.646307143	0	0.619428571	0	0.643871429	0.643871429	0.61005	0.66195	0	0.630707143	0	0.640135714	0.630257143	0.616742857	0.621535714	0.635835714	0
0	0	0	0	0	0	0	0	0	0	0	0	0	0	0	0	0	0	0	0	0	0	0	0	0	0	0	0	0	0	0	0	0	0	0	1	0	0	0	0	0	0	0	0	0	0	0	0	0	0	0	0	0	0	0	0	0	0	0	0	0	0	0	0	0	0	0	0	0	0	0	0	0	0	0	0	0	0	0	0	0	0	0	0	0	0	0	0	0	0	0	0	0	0	0	0	0	0	0	0	0	0	0	0	0	0	0	0	0	0	0	0	0	0	0	0	0	0	0	0	0	0	0	0	0	0	0	0	0	0	0	0	0	0	0	0	0	0	0	0
0	0.63136	0.57438	0.5447	0.54734	0	0	0.63452	0.6652	0	0.61228	0.65616	0.6125	0.70644	0.5882	0.62436	0.63648	0	0.64648	0.60388	0.60144	0.6213	0	0	0.62956	0.60476	0.6064	0.60018	0	0.605	0.64084	0.58876	0.7178	0.74982	0.7176	0	1	0.58672	0	0	0	0.60432	0	0.63638	0.599	0.662257143	0.61888	0	0.6248	0.57174	0.58368	0	0	0.7083	0	0.59998	0.6076	0.65446	0	0	0.72226	0.65252	0.63254	0.62378	0	0	0	0.61978	0.5985	0.61634	0.59624	0.58614	0.67682	0.67698	0.6381	0	0.62172	0.62784	0	0	0	0.63114	0.62266	0	0.57174	0	0.69568	0.655	0.63384	0.61578	0	0.56828	0	0.64142	0.60938	0.6115	0	0	0.62626	0.61664	0.59322	0.59322	0.63098	0.63154	0.62074	0.57188	0	0.6042	0.596	0.58482	0	0	0.58086	0.58086	0.65294	0.63128	0.59672	0.64846	0	0.66262	0	0.64708	0.6712	0.67212	0	0.55478	0	0.61776	0.61776	0.59628	0.66464	0	0.6353	0	0.67006	0.6297	0.64586	0.63136	0.65126	0
0	0.5847	0.6766	0.6591	0.6107	0	0	0.6153	0.6371	0	0.6091	0.594	0.5875	0.5881375	0.6174	0.6456	0.6666	0	0.5943	0.6282	0.5576	0.6101	0	0	0.6154	0.5926	0.5988	0.601	0	0.617	0.6134	0.5518	0.5691625	0.5536375	0.62655	0	0.58672	1	0	0	0	0.6182	0	0.6034	0.6197	0.600921429	0.6121	0	0.6284	0.6029	0.6282	0	0	0.6173	0	0.6349	0.5924	0.5502	0	0	0.648	0.6126	0.5606	0.6346	0	0	0	0.6276	0.6287	0.631	0.6477	0.5766	0.6117	0.6118	0.5952	0	0.6405	0.6284	0	0	0	0.627	0.6257	0	0.6029	0	0.5682	0.6945	0.6187	0.6974	0	0.6474	0	0.5984	0.6114	0.5932	0	0	0.6097	0.6231	0.5884	0.5884	0.622	0.6418	0.6208	0.5808	0	0.6905	0.6996	0.6467	0	0	0.67	0.67	0.6796	0.6732	0.635	0.6157	0	0.5978	0	0.6518	0.6078	0.6082	0	0.6637	0	0.6047	0.6047	0.5696	0.6293	0	0.5674	0	0.5957	0.582	0.6011	0.5965	0.5813	0
0	0	0	0	0	0	0	0	0	0	0	0	0	0	0	0	0	0	0	0	0	0	0	0	0	0	0	0	0	0	0	0	0	0	0	0	0	0	1	0	0	0	0	0	0	0	0	0	0	0	0	0	0	0	0	0	0	0	0	0	0	0	0	0	0	0	0	0	0	0	0	0	0	0	0	0	0	0	0	0	0	0	0	0	0	0	0	0	0	0	0	0	0	0	0	0	0	0	0	0	0	0	0	0	0	0	0	0	0	0	0	0	0	0	0	0	0	0	0	0	0	0	0	0	0	0	0	0	0	0	0	0	0	0	0	0	0	0	0	0
0	0	0	0	0	0	0	0	0	0	0	0	0	0	0	0	0	0	0	0	0	0	0	0	0	0	0	0	0	0	0	0	0	0	0	0	0	0	0	1	0	0	0	0	0	0	0	0	0	0	0	0	0	0	0	0	0	0	0	0	0	0	0	0	0	0	0	0	0	0	0	0	0	0	0	0	0	0	0	0	0	0	0	0	0	0	0	0	0	0	0	0	0	0	0	0	0	0	0	0	0	0	0	0	0	0	0	0	0	0	0	0	0	0	0	0	0	0	0	0	0	0	0	0	0	0	0	0	0	0	0	0	0	0	0	0	0	0	0	0
0	0	0	0	0	0	0	0	0	0	0	0	0	0	0	0	0	0	0	0	0	0	0	0	0	0	0	0	0	0	0	0	0	0	0	0	0	0	0	0	1	0	0	0	0	0	0	0	0	0	0	0	0	0	0	0	0	0	0	0	0	0	0	0	0	0	0	0	0	0	0	0	0	0	0	0	0	0	0	0	0	0	0	0	0	0	0	0	0	0	0	0	0	0	0	0	0	0	0	0	0	0	0	0	0	0	0	0	0	0	0	0	0	0	0	0	0	0	0	0	0	0	0	0	0	0	0	0	0	0	0	0	0	0	0	0	0	0	0	0
0	0.7043	0.7071	0.7173	0.6897	0	0	0.679	0.7789	0	0.7587	0.7517	0.7667	0.5970625	0.7033	0.6224	0.6548	0	0.6271	0.6974	0.672	0.6399	0	0	0.6605	0.6627	0.6507	0.6242	0	0.6552	0.7056	0.5197	0.5879125	0.58495	0.643242857	0	0.60432	0.6182	0	0	0	1	0	0.7407	0.8694	0.579357143	0.8684	0	0.8801	0.8806	0.8707	0	0	0.6734	0	0.8802	0.8911	0.5529	0	0	0.6231	0.628	0.6762	0.8466	0	0	0	0.883	0.8644	0.8704	0.6169	0.6714	0.6218	0.6758	0.8022	0	0.6342	0.6498	0	0	0	0.7058	0.6894	0	0.8806	0	0.5636	0.6416	0.7378	0.772	0	0.7613	0	0.6969	0.7438	0.7821	0	0	0.7421	0.8805	0.8936	0.8936	0.8849	0.8524	0.869	0.7026	0	0.663	0.6405	0.6285	0	0	0.6294	0.6294	0.6583	0.6807	0.6673	0.7432	0	0.69	0	0.717	0.6345	0.653	0	0.694	0	0.7362	0.7362	0.7264	0.678	0	0.6558	0	0.6967	0.7731	0.701	0.7008	0.7176	0
0	0	0	0	0	0	0	0	0	0	0	0	0	0	0	0	0	0	0	0	0	0	0	0	0	0	0	0	0	0	0	0	0	0	0	0	0	0	0	0	0	0	1	0	0	0	0	0	0	0	0	0	0	0	0	0	0	0	0	0	0	0	0	0	0	0	0	0	0	0	0	0	0	0	0	0	0	0	0	0	0	0	0	0	0	0	0	0	0	0	0	0	0	0	0	0	0	0	0	0	0	0	0	0	0	0	0	0	0	0	0	0	0	0	0	0	0	0	0	0	0	0	0	0	0	0	0	0	0	0	0	0	0	0	0	0	0	0	0	0
0	0.7632	0.7241	0.7224	0.6952	0	0	0.76	0.7718	0	0.7414	0.7288	0.7269	0.6099375	0.619	0.6521	0.64	0	0.595	0.6265	0.6804	0.7104	0	0	0.7107	0.655	0.6553	0.6504	0	0.6391	0.7568	0.6602	0.6648375	0.6377	0.650092857	0	0.63638	0.6034	0	0	0	0.7407	0	1	0.7572	0.6122	0.7267	0	0.7699	0.7252	0.7493	0	0	0.6905	0	0.746	0.7655	0.6174	0	0	0.6449	0.7278	0.697	0.7896	0	0	0	0.7401	0.7482	0.7287	0.7445	0.7263	0.693	0.7472	0.762	0	0.7568	0.758	0	0	0	0.7762	0.7709	0	0.7252	0	0.6218	0.6764	0.7555	0.6842	0	0.6247	0	0.7754	0.7722	0.773	0	0	0.7948	0.7385	0.7121	0.7121	0.7763	0.7738	0.763	0.7318	0	0.6991	0.6708	0.6894	0	0	0.6829	0.6829	0.6636	0.6979	0.7222	0.8025	0	0.6877	0	0.695	0.6781	0.7332	0	0.6437	0	0.6827	0.6827	0.6808	0.6666	0	0.7522	0	0.7792	0.798	0.7651	0.7828	0.7651	0
0	0.7911	0.7279	0.7306	0.7154	0	0	0.7166	0.8257	0	0.7664	0.83	0.8232	0.6205	0.7234	0.6461	0.6792	0	0.6306	0.7265	0.7351	0.707	0	0	0.7434	0.6995	0.6976	0.6846	0	0.7146	0.7649	0.5855	0.6023875	0.598325	0.637264286	0	0.599	0.6197	0	0	0	0.8694	0	0.7572	1	0.598592857	0.887	0	0.9341	0.9269	0.9233	0	0	0.685	0	0.9141	0.9142	0.6123	0	0	0.6573	0.7008	0.6765	0.8643	0	0	0	0.9301	0.9249	0.9314	0.6844	0.6481	0.657	0.7003	0.8542	0	0.6895	0.6909	0	0	0	0.7527	0.7377	0	0.9269	0	0.5828	0.6685	0.7287	0.7393	0	0.7305	0	0.7653	0.8129	0.8317	0	0	0.7779	0.9287	0.9018	0.9018	0.8997	0.9037	0.9091	0.718	0	0.6694	0.6483	0.6465	0	0	0.6421	0.6421	0.6638	0.6694	0.6711	0.7894	0	0.6983	0	0.7025	0.6357	0.6849	0	0.664	0	0.743	0.743	0.6732	0.6518	0	0.708	0	0.6967	0.7774	0.7096	0.6875	0.73	0
0	0.617078571	0.573992857	0.571492857	0.548807143	0	0	0.660228571	0.653064286	0	0.630871429	0.651878571	0.593378571	0.714164286	0.635207143	0.690021429	0.699642857	0	0.739107143	0.651471429	0.590292857	0.6393	0	0	0.647792857	0.59265	0.595092857	0.625892857	0	0.608192857	0.652314286	0.636314286	0.695857143	0.708464286	0.684407143	0	0.662257143	0.600921429	0	0	0	0.579357143	0	0.6122	0.598592857	1	0.608064286	0	0.616628571	0.566471429	0.592814286	0	0	0.681692857	0	0.5958	0.599921429	0.607371429	0	0	0.692835714	0.655042857	0.616164286	0.594278571	0	0	0	0.6131	0.619692857	0.608578571	0.602235714	0.588521429	0.667035714	0.645657143	0.57565	0	0.669614286	0.6462	0	0	0	0.618664286	0.596442857	0	0.566471429	0	0.712835714	0.740321429	0.671207143	0.6259	0	0.577628571	0	0.648742857	0.612485714	0.608792857	0	0	0.655664286	0.594821429	0.5994	0.5994	0.606978571	0.615378571	0.606707143	0.553992857	0	0.6372	0.627364286	0.627178571	0	0	0.619321429	0.619321429	0.642735714	0.61825	0.608471429	0.632542857	0	0.631778571	0	0.645221429	0.66165	0.695778571	0	0.578028571	0	0.609192857	0.609192857	0.5803	0.633614286	0	0.674442857	0	0.666957143	0.624585714	0.64515	0.631107143	0.656478571	0
0	0.7315	0.7081	0.6903	0.6916	0	0	0.6941	0.7809	0	0.7222	0.7766	0.8024	0.592125	0.7544	0.646	0.6744	0	0.6567	0.755	0.6777	0.6788	0	0	0.7219	0.6984	0.6917	0.648	0	0.6788	0.7312	0.567	0.5863625	0.5819375	0.650085714	0	0.61888	0.6121	0	0	0	0.8684	0	0.7267	0.887	0.608064286	1	0	0.9009	0.897	0.8929	0	0	0.7222	0	0.893	0.8994	0.6042	0	0	0.6525	0.6622	0.6539	0.8353	0	0	0	0.8864	0.8894	0.889	0.631	0.6175	0.6739	0.7046	0.8657	0	0.6558	0.6595	0	0	0	0.7064	0.6832	0	0.897	0	0.6684	0.6713	0.7175	0.7393	0	0.7596	0	0.716	0.7549	0.7663	0	0	0.7687	0.9085	0.8975	0.8975	0.8828	0.8576	0.8804	0.6778	0	0.6627	0.6335	0.6136	0	0	0.6256	0.6256	0.6648	0.6647	0.6565	0.7621	0	0.7023	0	0.7152	0.6472	0.6835	0	0.6662	0	0.7749	0.7749	0.6999	0.6774	0	0.6556	0	0.6772	0.763	0.6949	0.6959	0.7045	0
0	0	0	0	0	0	0	0	0	0	0	0	0	0	0	0	0	0	0	0	0	0	0	0	0	0	0	0	0	0	0	0	0	0	0	0	0	0	0	0	0	0	0	0	0	0	0	1	0	0	0	0	0	0	0	0	0	0	0	0	0	0	0	0	0	0	0	0	0	0	0	0	0	0	0	0	0	0	0	0	0	0	0	0	0	0	0	0	0	0	0	0	0	0	0	0	0	0	0	0	0	0	0	0	0	0	0	0	0	0	0	0	0	0	0	0	0	0	0	0	0	0	0	0	0	0	0	0	0	0	0	0	0	0	0	0	0	0	0	0
0	0.8163	0.739	0.7269	0.7006	0	0	0.7358	0.8681	0	0.7855	0.8116	0.8261	0.62005	0.7322	0.6453	0.6811	0	0.6693	0.7436	0.746	0.7415	0	0	0.7645	0.7376	0.7323	0.6912	0	0.728	0.7875	0.576	0.6162125	0.607925	0.640357143	0	0.6248	0.6284	0	0	0	0.8801	0	0.7699	0.9341	0.616628571	0.9009	0	1	0.9324	0.9127	0	0	0.7043	0	0.9317	0.9161	0.5947	0	0	0.6563	0.6697	0.6882	0.8713	0	0	0	0.9491	0.9443	0.9723	0.6939	0.679	0.6698	0.723	0.8868	0	0.7178	0.7232	0	0	0	0.7844	0.7522	0	0.9324	0	0.6319	0.6713	0.7464	0.7403	0	0.7364	0	0.8068	0.8385	0.8389	0	0	0.8063	0.9693	0.92	0.92	0.9345	0.9299	0.9437	0.74	0	0.6659	0.6548	0.6328	0	0	0.6367	0.6367	0.6757	0.6757	0.6596	0.836	0	0.704	0	0.7144	0.6438	0.6901	0	0.6714	0	0.754	0.754	0.6959	0.6779	0	0.7168	0	0.7112	0.8002	0.7205	0.7221	0.747	0
0	0.7488	0.7136	0.7337	0.6887	0	0	0.6584	0.8263	0	0.7571	0.7811	0.8049	0.604675	0.7352	0.6111	0.6524	0	0.6157	0.7276	0.6997	0.6914	0	0	0.7253	0.7186	0.7046	0.6604	0	0.7029	0.7367	0.5528	0.573125	0.5699625	0.61985	0	0.57174	0.6029	0	0	0	0.8806	0	0.7252	0.9269	0.566471429	0.897	0	0.9324	1	0.9184	0	0	0.6822	0	0.9211	0.9225	0.5655	0	0	0.6108	0.6368	0.6617	0.8625	0	0	0	0.9359	0.9279	0.9427	0.6506	0.6366	0.6335	0.6574	0.8619	0	0.6571	0.6649	0	0	0	0.7416	0.7144	0	1	0	0.6026	0.6375	0.6848	0.7419	0	0.7312	0	0.73	0.7905	0.7997	0	0	0.7575	0.94	0.9113	0.9113	0.9262	0.9121	0.935	0.7055	0	0.6304	0.619	0.5879	0	0	0.597	0.597	0.6388	0.6341	0.6272	0.7828	0	0.6788	0	0.7001	0.5998	0.6577	0	0.6638	0	0.7456	0.7456	0.6631	0.641	0	0.6425	0	0.6687	0.7809	0.6887	0.6814	0.718	0
0	0.7563	0.7463	0.749	0.6885	0	0	0.6819	0.8006	0	0.7478	0.7839	0.8182	0.6018	0.7398	0.6628	0.695	0	0.6187	0.7534	0.7009	0.7105	0	0	0.7447	0.697	0.6874	0.6718	0	0.6928	0.7555	0.598	0.5570125	0.5558125	0.614407143	0	0.58368	0.6282	0	0	0	0.8707	0	0.7493	0.9233	0.592814286	0.8929	0	0.9127	0.9184	1	0	0	0.6794	0	0.9113	0.9216	0.5601	0	0	0.6468	0.6732	0.6945	0.8577	0	0	0	0.9076	0.9216	0.9082	0.6637	0.6254	0.6486	0.6842	0.8558	0	0.6778	0.6672	0	0	0	0.714	0.7081	0	0.9184	0	0.5961	0.6889	0.6943	0.7553	0	0.7419	0	0.7462	0.7872	0.796	0	0	0.7764	0.9177	0.9099	0.9099	0.8957	0.886	0.8961	0.7201	0	0.6887	0.6558	0.663	0	0	0.6631	0.6631	0.6774	0.692	0.6864	0.7814	0	0.6813	0	0.7054	0.6308	0.6818	0	0.664	0	0.7285	0.7285	0.6707	0.645	0	0.6686	0	0.7072	0.788	0.7513	0.7213	0.7211	0
0	0	0	0	0	0	0	0	0	0	0	0	0	0	0	0	0	0	0	0	0	0	0	0	0	0	0	0	0	0	0	0	0	0	0	0	0	0	0	0	0	0	0	0	0	0	0	0	0	0	0	1	0	0	0	0	0	0	0	0	0	0	0	0	0	0	0	0	0	0	0	0	0	0	0	0	0	0	0	0	0	0	0	0	0	0	0	0	0	0	0	0	0	0	0	0	0	0	0	0	0	0	0	0	0	0	0	0	0	0	0	0	0	0	0	0	0	0	0	0	0	0	0	0	0	0	0	0	0	0	0	0	0	0	0	0	0	0	0	0
0	0	0	0	0	0	0	0	0	0	0	0	0	0	0	0	0	0	0	0	0	0	0	0	0	0	0	0	0	0	0	0	0	0	0	0	0	0	0	0	0	0	0	0	0	0	0	0	0	0	0	0	1	0	0	0	0	0	0	0	0	0	0	0	0	0	0	0	0	0	0	0	0	0	0	0	0	0	0	0	0	0	0	0	0	0	0	0	0	0	0	0	0	0	0	0	0	0	0	0	0	0	0	0	0	0	0	0	0	0	0	0	0	0	0	0	0	0	0	0	0	0	0	0	0	0	0	0	0	0	0	0	0	0	0	0	0	0	0	0
0	0.6706	0.6792	0.6562	0.6199	0	0	0.645	0.7036	0	0.656	0.6961	0.7306	0.60835	0.6985	0.6835	0.7503	0	0.7124	0.7263	0.6544	0.6776	0	0	0.6854	0.6822	0.6534	0.6685	0	0.6691	0.6971	0.6483	0.6838625	0.6700375	0.672035714	0	0.7083	0.6173	0	0	0	0.6734	0	0.6905	0.685	0.681692857	0.7222	0	0.7043	0.6822	0.6794	0	0	1	0	0.7349	0.7053	0.68	0	0	0.7264	0.7028	0.6878	0.6948	0	0	0	0.6921	0.7011	0.7064	0.6366	0.6145	0.7748	0.7794	0.7017	0	0.6489	0.6323	0	0	0	0.6673	0.6193	0	0.6822	0	0.7124	0.6833	0.6586	0.684	0	0.6672	0	0.6748	0.6831	0.6657	0	0	0.7058	0.7003	0.6853	0.6853	0.6956	0.7219	0.7067	0.6256	0	0.6716	0.6211	0.603	0	0	0.6285	0.6285	0.7156	0.6789	0.6603	0.7375	0	0.8162	0	0.7586	0.7459	0.7617	0	0.6398	0	0.7792	0.7792	0.6914	0.7572	0	0.6348	0	0.6963	0.7079	0.6999	0.6865	0.6599	0
0	0	0	0	0	0	0	0	0	0	0	0	0	0	0	0	0	0	0	0	0	0	0	0	0	0	0	0	0	0	0	0	0	0	0	0	0	0	0	0	0	0	0	0	0	0	0	0	0	0	0	0	0	0	1	0	0	0	0	0	0	0	0	0	0	0	0	0	0	0	0	0	0	0	0	0	0	0	0	0	0	0	0	0	0	0	0	0	0	0	0	0	0	0	0	0	0	0	0	0	0	0	0	0	0	0	0	0	0	0	0	0	0	0	0	0	0	0	0	0	0	0	0	0	0	0	0	0	0	0	0	0	0	0	0	0	0	0	0	0
0	0.7648	0.7354	0.7379	0.712	0	0	0.6682	0.8188	0	0.7834	0.781	0.8231	0.6267875	0.7522	0.632	0.6978	0	0.6551	0.7548	0.7094	0.6992	0	0	0.7359	0.7093	0.6934	0.6652	0	0.7037	0.7436	0.5705	0.5887	0.5922875	0.640035714	0	0.59998	0.6349	0	0	0	0.8802	0	0.746	0.9141	0.5958	0.893	0	0.9317	0.9211	0.9113	0	0	0.7349	0	1	0.9137	0.5952	0	0	0.6506	0.6875	0.6967	0.893	0	0	0	0.9127	0.9052	0.9263	0.6638	0.6242	0.6834	0.7187	0.8539	0	0.669	0.6732	0	0	0	0.7383	0.6992	0	0.9211	0	0.6286	0.6912	0.7178	0.7603	0	0.7756	0	0.7451	0.7941	0.799	0	0	0.7723	0.9289	0.9063	0.9063	0.9168	0.8978	0.9226	0.7133	0	0.6539	0.6427	0.6142	0	0	0.6284	0.6284	0.6938	0.661	0.655	0.7964	0	0.716	0	0.7579	0.6699	0.6969	0	0.6879	0	0.7814	0.7814	0.7104	0.7011	0	0.6756	0	0.7033	0.7987	0.7097	0.7131	0.7423	0
0	0.7528	0.728	0.7229	0.7076	0	0	0.6741	0.8075	0	0.7776	0.7785	0.8154	0.6111875	0.7353	0.6457	0.6584	0	0.617	0.7308	0.7005	0.6796	0	0	0.7139	0.7057	0.6919	0.6634	0	0.6749	0.7429	0.5549	0.60975	0.6018125	0.643864286	0	0.6076	0.5924	0	0	0	0.8911	0	0.7655	0.9142	0.599921429	0.8994	0	0.9161	0.9225	0.9216	0	0	0.7053	0	0.9137	1	0.6088	0	0	0.6438	0.6684	0.7178	0.8621	0	0	0	0.9207	0.9098	0.9105	0.6492	0.6435	0.6773	0.708	0.8668	0	0.6749	0.656	0	0	0	0.721	0.7072	0	0.9225	0	0.6199	0.6615	0.7013	0.7548	0	0.7367	0	0.7501	0.789	0.8013	0	0	0.7693	0.9209	0.9317	0.9317	0.9123	0.8924	0.9067	0.7182	0	0.6712	0.6285	0.6356	0	0	0.639	0.639	0.6718	0.6719	0.6733	0.7817	0	0.6961	0	0.7091	0.6158	0.6665	0	0.65	0	0.7382	0.7382	0.6864	0.655	0	0.6669	0	0.7266	0.788	0.7361	0.721	0.7432	0
0	0.6201	0.56	0.5529	0.5964	0	0	0.5842	0.6322	0	0.6143	0.6585	0.6013	0.567275	0.5159	0.5987	0.6059	0	0.5229	0.5506	0.5881	0.5928	0	0	0.5897	0.6033	0.5959	0.5991	0	0.5837	0.6016	0.5985	0.658525	0.6407	0.637957143	0	0.65446	0.5502	0	0	0	0.5529	0	0.6174	0.6123	0.607371429	0.6042	0	0.5947	0.5655	0.5601	0	0	0.68	0	0.5952	0.6088	1	0	0	0.6768	0.6981	0.6364	0.6117	0	0	0	0.593	0.5611	0.5869	0.5776	0.5274	0.7015	0.6721	0.6164	0	0.6124	0.6011	0	0	0	0.5927	0.5997	0	0.5655	0	0.6899	0.6205	0.5602	0.6012	0	0.5572	0	0.6192	0.6033	0.5784	0	0	0.6144	0.5835	0.5618	0.5618	0.5935	0.5985	0.5858	0.5795	0	0.6018	0.5729	0.5815	0	0	0.5617	0.5617	0.6404	0.6131	0.6154	0.6096	0	0.6392	0	0.6	0.5875	0.6367	0	0.5216	0	0.5676	0.5676	0.5216	0.5855	0	0.5969	0	0.6556	0.6031	0.6498	0.6517	0.6326	0
0	0	0	0	0	0	0	0	0	0	0	0	0	0	0	0	0	0	0	0	0	0	0	0	0	0	0	0	0	0	0	0	0	0	0	0	0	0	0	0	0	0	0	0	0	0	0	0	0	0	0	0	0	0	0	0	0	0	1	0	0	0	0	0	0	0	0	0	0	0	0	0	0	0	0	0	0	0	0	0	0	0	0	0	0	0	0	0	0	0	0	0	0	0	0	0	0	0	0	0	0	0	0	0	0	0	0	0	0	0	0	0	0	0	0	0	0	0	0	0	0	0	0	0	0	0	0	0	0	0	0	0	0	0	0	0	0	0	0	0
0	0	0	0	0	0	0	0	0	0	0	0	0	0	0	0	0	0	0	0	0	0	0	0	0	0	0	0	0	0	0	0	0	0	0	0	0	0	0	0	0	0	0	0	0	0	0	0	0	0	0	0	0	0	0	0	0	0	0	1	0	0	0	0	0	0	0	0	0	0	0	0	0	0	0	0	0	0	0	0	0	0	0	0	0	0	0	0	0	0	0	0	0	0	0	0	0	0	0	0	0	0	0	0	0	0	0	0	0	0	0	0	0	0	0	0	0	0	0	0	0	0	0	0	0	0	0	0	0	0	0	0	0	0	0	0	0	0	0	0
0	0.6447	0.6308	0.5949	0.569	0	0	0.6314	0.6726	0	0.6524	0.6715	0.6239	0.5928875	0.6359	0.7608	0.7087	0	0.6381	0.6783	0.5907	0.6502	0	0	0.6646	0.6448	0.6334	0.635	0	0.6461	0.6778	0.6939	0.690525	0.6724875	0.6999	0	0.72226	0.648	0	0	0	0.6231	0	0.6449	0.6573	0.692835714	0.6525	0	0.6563	0.6108	0.6468	0	0	0.7264	0	0.6506	0.6438	0.6768	0	0	1	0.6881	0.6574	0.6384	0	0	0	0.6384	0.6432	0.6463	0.6638	0.5151	0.7861	0.7515	0.6374	0	0.655	0.6435	0	0	0	0.6282	0.6271	0	0.6108	0	0.7003	0.6983	0.5885	0.648	0	0.6123	0	0.6579	0.6243	0.6107	0	0	0.6563	0.6404	0.6172	0.6172	0.6375	0.6541	0.642	0.5211	0	0.6743	0.6618	0.6307	0	0	0.6507	0.6507	0.7231	0.6634	0.6559	0.6743	0	0.7455	0	0.6961	0.7112	0.6985	0	0.6424	0	0.7046	0.7046	0.5952	0.7337	0	0.6181	0	0.6117	0.5793	0.617	0.57	0.5818	0
0	0.6516	0.6484	0.6418	0.6141	0	0	0.651	0.6486	0	0.6462	0.668	0.6565	0.6067625	0.5691	0.6504	0.6364	0	0.569	0.595	0.5801	0.6065	0	0	0.6547	0.5654	0.5534	0.5627	0	0.556	0.6601	0.6469	0.6670125	0.65225	0.633292857	0	0.65252	0.6126	0	0	0	0.628	0	0.7278	0.7008	0.655042857	0.6622	0	0.6697	0.6368	0.6732	0	0	0.7028	0	0.6875	0.6684	0.6981	0	0	0.6881	1	0.6573	0.6879	0	0	0	0.6536	0.6489	0.6488	0.6506	0.5828	0.714	0.7455	0.6523	0	0.62	0.6281	0	0	0	0.615	0.5994	0	0.6368	0	0.6276	0.752	0.6462	0.6591	0	0.6048	0	0.6423	0.6311	0.6394	0	0	0.6746	0.6563	0.6383	0.6383	0.6407	0.6357	0.6302	0.614	0	0.6513	0.6379	0.6585	0	0	0.6308	0.6308	0.6628	0.6569	0.6688	0.6456	0	0.7103	0	0.7097	0.6931	0.7086	0	0.5811	0	0.6855	0.6855	0.645	0.6707	0	0.6628	0	0.7125	0.6674	0.693	0.6823	0.6656	0
0	0.6145	0.6996	0.7258	0.6743	0	0	0.5915	0.657	0	0.7747	0.6215	0.6477	0.56435	0.6135	0.6503	0.6723	0	0.574	0.6395	0.5928	0.6097	0	0	0.593	0.5879	0.5877	0.6062	0	0.5927	0.6445	0.6629	0.655875	0.6204875	0.625607143	0	0.63254	0.5606	0	0	0	0.6762	0	0.697	0.6765	0.616164286	0.6539	0	0.6882	0.6617	0.6945	0	0	0.6878	0	0.6967	0.7178	0.6364	0	0	0.6574	0.6573	1	0.7505	0	0	0	0.6622	0.6565	0.6695	0.5733	0.6383	0.7075	0.7193	0.6465	0	0.6161	0.5772	0	0	0	0.5964	0.6015	0	0.6617	0	0.5997	0.6943	0.6153	0.7426	0	0.7	0	0.6283	0.6405	0.6483	0	0	0.6433	0.6601	0.6655	0.6655	0.6902	0.6873	0.6895	0.7534	0	0.7314	0.6705	0.7358	0	0	0.7151	0.7151	0.7228	0.753	0.7559	0.6473	0	0.6567	0	0.676	0.6306	0.6753	0	0.5847	0	0.6338	0.6338	0.6259	0.6844	0	0.6515	0	0.7639	0.7362	0.7304	0.7312	0.7441	0
0	0.7135	0.7829	0.8099	0.749	0	0	0.6732	0.7926	0	0.7775	0.7519	0.7478	0.6105875	0.6737	0.6162	0.6613	0	0.6177	0.6726	0.6851	0.6825	0	0	0.6981	0.6521	0.6573	0.6455	0	0.669	0.7226	0.612	0.635475	0.6169375	0.649228571	0	0.62378	0.6346	0	0	0	0.8466	0	0.7896	0.8643	0.594278571	0.8353	0	0.8713	0.8625	0.8577	0	0	0.6948	0	0.893	0.8621	0.6117	0	0	0.6384	0.6879	0.7505	1	0	0	0	0.8465	0.8267	0.8477	0.6525	0.6628	0.6563	0.7099	0.786	0	0.6721	0.6761	0	0	0	0.7117	0.6929	0	0.8625	0	0.6009	0.7086	0.7375	0.7964	0	0.7763	0	0.6985	0.7416	0.7737	0	0	0.755	0.8621	0.8407	0.8407	0.8815	0.859	0.8792	0.7921	0	0.6943	0.6887	0.6807	0	0	0.6803	0.6803	0.7073	0.7059	0.7094	0.7477	0	0.6895	0	0.7396	0.6625	0.6909	0	0.6802	0	0.7078	0.7078	0.6916	0.6924	0	0.6934	0	0.7853	0.8395	0.7583	0.7849	0.8095	0
0	0	0	0	0	0	0	0	0	0	0	0	0	0	0	0	0	0	0	0	0	0	0	0	0	0	0	0	0	0	0	0	0	0	0	0	0	0	0	0	0	0	0	0	0	0	0	0	0	0	0	0	0	0	0	0	0	0	0	0	0	0	0	0	1	0	0	0	0	0	0	0	0	0	0	0	0	0	0	0	0	0	0	0	0	0	0	0	0	0	0	0	0	0	0	0	0	0	0	0	0	0	0	0	0	0	0	0	0	0	0	0	0	0	0	0	0	0	0	0	0	0	0	0	0	0	0	0	0	0	0	0	0	0	0	0	0	0	0	0
0	0	0	0	0	0	0	0	0	0	0	0	0	0	0	0	0	0	0	0	0	0	0	0	0	0	0	0	0	0	0	0	0	0	0	0	0	0	0	0	0	0	0	0	0	0	0	0	0	0	0	0	0	0	0	0	0	0	0	0	0	0	0	0	0	1	0	0	0	0	0	0	0	0	0	0	0	0	0	0	0	0	0	0	0	0	0	0	0	0	0	0	0	0	0	0	0	0	0	0	0	0	0	0	0	0	0	0	0	0	0	0	0	0	0	0	0	0	0	0	0	0	0	0	0	0	0	0	0	0	0	0	0	0	0	0	0	0	0	0
0	0	0	0	0	0	0	0	0	0	0	0	0	0	0	0	0	0	0	0	0	0	0	0	0	0	0	0	0	0	0	0	0	0	0	0	0	0	0	0	0	0	0	0	0	0	0	0	0	0	0	0	0	0	0	0	0	0	0	0	0	0	0	0	0	0	1	0	0	0	0	0	0	0	0	0	0	0	0	0	0	0	0	0	0	0	0	0	0	0	0	0	0	0	0	0	0	0	0	0	0	0	0	0	0	0	0	0	0	0	0	0	0	0	0	0	0	0	0	0	0	0	0	0	0	0	0	0	0	0	0	0	0	0	0	0	0	0	0	0
0	0.7929	0.7255	0.7123	0.6868	0	0	0.7224	0.8548	0	0.7646	0.8135	0.8179	0.6203	0.7332	0.6309	0.6645	0	0.6491	0.7369	0.7359	0.704	0	0	0.7332	0.7249	0.7132	0.67	0	0.7039	0.7591	0.5483	0.6057875	0.6138	0.644428571	0	0.61978	0.6276	0	0	0	0.883	0	0.7401	0.9301	0.6131	0.8864	0	0.9491	0.9359	0.9076	0	0	0.6921	0	0.9127	0.9207	0.593	0	0	0.6384	0.6536	0.6622	0.8465	0	0	0	1	0.9356	0.9589	0.7025	0.6629	0.6412	0.6828	0.8673	0	0.7057	0.7246	0	0	0	0.7828	0.7499	0	0.9359	0	0.6287	0.6519	0.7307	0.733	0	0.7182	0	0.7823	0.8244	0.8287	0	0	0.7868	0.9498	0.9102	0.9102	0.921	0.919	0.9307	0.7002	0	0.6428	0.643	0.6131	0	0	0.6179	0.6179	0.671	0.6538	0.6371	0.8098	0	0.6951	0	0.7037	0.6323	0.681	0	0.6733	0	0.7556	0.7556	0.6987	0.6729	0	0.6959	0	0.6836	0.7757	0.7008	0.6804	0.7117	0
0	0.7796	0.7151	0.7111	0.6616	0	0	0.7091	0.8383	0	0.7518	0.7845	0.8017	0.6021	0.7563	0.6589	0.681	0	0.6811	0.7666	0.7152	0.7286	0	0	0.754	0.7132	0.7003	0.6762	0	0.7068	0.7678	0.5843	0.58015	0.5832625	0.620564286	0	0.5985	0.6287	0	0	0	0.8644	0	0.7482	0.9249	0.619692857	0.8894	0	0.9443	0.9279	0.9216	0	0	0.7011	0	0.9052	0.9098	0.5611	0	0	0.6432	0.6489	0.6565	0.8267	0	0	0	0.9356	1	0.9472	0.6987	0.6658	0.66	0.6965	0.8588	0	0.7098	0.7062	0	0	0	0.765	0.7268	0	0.9279	0	0.6022	0.6657	0.719	0.734	0	0.7333	0	0.7666	0.8124	0.8029	0	0	0.7761	0.9376	0.8996	0.8996	0.9115	0.9232	0.9212	0.7039	0	0.6627	0.6369	0.6167	0	0	0.6164	0.6164	0.6554	0.6574	0.6535	0.8058	0	0.6739	0	0.7079	0.6075	0.6756	0	0.6708	0	0.7406	0.7406	0.6668	0.6346	0	0.6792	0	0.6737	0.782	0.702	0.6857	0.7102	0
0	0.8183	0.7165	0.7137	0.6775	0	0	0.7247	0.8762	0	0.7601	0.8062	0.8231	0.622975	0.7232	0.6174	0.67	0	0.6644	0.7326	0.7455	0.737	0	0	0.7615	0.7385	0.7312	0.6874	0	0.7333	0.7707	0.5619	0.6127875	0.6106125	0.637671429	0	0.61634	0.631	0	0	0	0.8704	0	0.7287	0.9314	0.608578571	0.889	0	0.9723	0.9427	0.9082	0	0	0.7064	0	0.9263	0.9105	0.5869	0	0	0.6463	0.6488	0.6695	0.8477	0	0	0	0.9589	0.9472	1	0.6981	0.6724	0.6515	0.6947	0.8751	0	0.7054	0.7244	0	0	0	0.7959	0.7534	0	0.9427	0	0.619	0.6511	0.7353	0.7318	0	0.7281	0	0.7921	0.8395	0.8321	0	0	0.793	0.9642	0.9132	0.9132	0.9337	0.9356	0.946	0.7135	0	0.642	0.6379	0.6002	0	0	0.6092	0.6092	0.6542	0.6461	0.6324	0.8266	0	0.7055	0	0.6985	0.6306	0.6755	0	0.675	0	0.7562	0.7562	0.6901	0.671	0	0.7038	0	0.6786	0.7815	0.6916	0.684	0.7299	0
0	0.7831	0.6701	0.6162	0.5558	0	0	0.796	0.7787	0	0.5963	0.6802	0.7268	0.5912	0.5896	0.6783	0.6506	0	0.5747	0.6377	0.6672	0.731	0	0	0.7223	0.7308	0.7344	0.7398	0	0.7373	0.7213	0.6068	0.5985	0.584075	0.618192857	0	0.59624	0.6477	0	0	0	0.6169	0	0.7445	0.6844	0.602235714	0.631	0	0.6939	0.6506	0.6637	0	0	0.6366	0	0.6638	0.6492	0.5776	0	0	0.6638	0.6506	0.5733	0.6525	0	0	0	0.7025	0.6987	0.6981	1	0.6539	0.6358	0.6706	0.7071	0	0.8211	0.8757	0	0	0	0.7999	0.8002	0	0.6506	0	0.6326	0.6026	0.6859	0.5896	0	0.5165	0	0.7851	0.7604	0.7094	0	0	0.7633	0.6799	0.6027	0.6027	0.6853	0.7381	0.7045	0.5474	0	0.6298	0.6438	0.6006	0	0	0.6161	0.6161	0.6225	0.591	0.6011	0.8072	0	0.6348	0	0.5848	0.6024	0.644	0	0.5908	0	0.6162	0.6162	0.561	0.6128	0	0.7175	0	0.6145	0.6561	0.6524	0.6113	0.6171	0
0	0.7072	0.642	0.6594	0.6262	0	0	0.75	0.754	0	0.6672	0.6631	0.658	0.5568125	0.5486	0.5614	0.5954	0	0.659	0.5496	0.7268	0.6691	0	0	0.6508	0.6358	0.6512	0.6633	0	0.6315	0.7079	0.5743	0.65435	0.6181625	0.5795	0	0.58614	0.5766	0	0	0	0.6714	0	0.7263	0.6481	0.588521429	0.6175	0	0.679	0.6366	0.6254	0	0	0.6145	0	0.6242	0.6435	0.5274	0	0	0.5151	0.5828	0.6383	0.6628	0	0	0	0.6629	0.6658	0.6724	0.6539	1	0.6115	0.6546	0.6722	0	0.7023	0.7269	0	0	0	0.7843	0.7219	0	0.6366	0	0.5245	0.5724	0.7473	0.6816	0	0.5863	0	0.7058	0.7184	0.7326	0	0	0.689	0.6456	0.6313	0.6313	0.6756	0.7164	0.6859	0.72	0	0.6758	0.6724	0.6541	0	0	0.6712	0.6712	0.6152	0.6782	0.6655	0.7268	0	0.6386	0	0.6252	0.6211	0.6792	0	0.6243	0	0.5904	0.5904	0.7025	0.6336	0	0.708	0	0.7149	0.7313	0.6834	0.7211	0.732	0
0	0.6304	0.641	0.6168	0.5949	0	0	0.5944	0.654	0	0.6724	0.6169	0.5965	0.586425	0.6204	0.7663	0.7122	0	0.6497	0.6722	0.5619	0.6139	0	0	0.6288	0.5913	0.5614	0.5807	0	0.5665	0.648	0.6316	0.67255	0.6397125	0.662321429	0	0.67682	0.6117	0	0	0	0.6218	0	0.693	0.657	0.667035714	0.6739	0	0.6698	0.6335	0.6486	0	0	0.7748	0	0.6834	0.6773	0.7015	0	0	0.7861	0.714	0.7075	0.6563	0	0	0	0.6412	0.66	0.6515	0.6358	0.6115	1	0.8779	0.6557	0	0.6216	0.6062	0	0	0	0.6303	0.579	0	0.6335	0	0.6128	0.6796	0.5935	0.71	0	0.6708	0	0.6472	0.6099	0.5989	0	0	0.6599	0.6467	0.6422	0.6422	0.6296	0.6428	0.6373	0.5921	0	0.7306	0.7091	0.6687	0	0	0.6743	0.6743	0.7494	0.7059	0.7091	0.6641	0	0.787	0	0.7495	0.7115	0.7008	0	0.6394	0	0.7324	0.7324	0.6436	0.7437	0	0.5656	0	0.7096	0.6687	0.6987	0.6933	0.6576	0
0	0.694	0.7194	0.6831	0.6466	0	0	0.6517	0.6979	0	0.6915	0.6436	0.6727	0.6058375	0.5991	0.7527	0.6836	0	0.6296	0.6524	0.606	0.6673	0	0	0.6784	0.6208	0.6018	0.6154	0	0.5948	0.7134	0.6434	0.6894875	0.6479625	0.673921429	0	0.67698	0.6118	0	0	0	0.6758	0	0.7472	0.7003	0.645657143	0.7046	0	0.723	0.6574	0.6842	0	0	0.7794	0	0.7187	0.708	0.6721	0	0	0.7515	0.7455	0.7193	0.7099	0	0	0	0.6828	0.6965	0.6947	0.6706	0.6546	0.8779	1	0.6857	0	0.6584	0.6391	0	0	0	0.6693	0.6251	0	0.6574	0	0.5813	0.6598	0.655	0.6802	0	0.6647	0	0.6969	0.6717	0.655	0	0	0.7127	0.6902	0.6612	0.6612	0.677	0.691	0.6877	0.6433	0	0.7551	0.7204	0.6894	0	0	0.6967	0.6967	0.731	0.7315	0.7334	0.7253	0	0.8113	0	0.7365	0.7233	0.7095	0	0.6418	0	0.7501	0.7501	0.6736	0.7488	0	0.6305	0	0.7363	0.723	0.7423	0.7559	0.6964	0
0	0.8318	0.6709	0.6452	0.6871	0	0	0.7475	0.8518	0	0.7467	0.8258	0.8648	0.608375	0.7241	0.6276	0.6565	0	0.6311	0.727	0.7759	0.7754	0	0	0.8045	0.7886	0.7871	0.7379	0	0.7567	0.8118	0.5459	0.5799	0.5688875	0.636814286	0	0.6381	0.5952	0	0	0	0.8022	0	0.762	0.8542	0.57565	0.8657	0	0.8868	0.8619	0.8558	0	0	0.7017	0	0.8539	0.8668	0.6164	0	0	0.6374	0.6523	0.6465	0.786	0	0	0	0.8673	0.8588	0.8751	0.7071	0.6722	0.6557	0.6857	1	0	0.7573	0.764	0	0	0	0.8099	0.7968	0	0.8619	0	0.6888	0.6453	0.7158	0.6663	0	0.6356	0	0.8606	0.8852	0.8595	0	0	0.8275	0.8825	0.8452	0.8452	0.8873	0.8868	0.8959	0.7096	0	0.6341	0.5892	0.6031	0	0	0.6013	0.6013	0.6256	0.6386	0.6267	0.8631	0	0.6705	0	0.6487	0.5826	0.662	0	0.5956	0	0.7109	0.7109	0.6617	0.6386	0	0.68	0	0.6866	0.757	0.6964	0.6852	0.6853	0
0	0	0	0	0	0	0	0	0	0	0	0	0	0	0	0	0	0	0	0	0	0	0	0	0	0	0	0	0	0	0	0	0	0	0	0	0	0	0	0	0	0	0	0	0	0	0	0	0	0	0	0	0	0	0	0	0	0	0	0	0	0	0	0	0	0	0	0	0	0	0	0	0	0	0	1	0	0	0	0	0	0	0	0	0	0	0	0	0	0	0	0	0	0	0	0	0	0	0	0	0	0	0	0	0	0	0	0	0	0	0	0	0	0	0	0	0	0	0	0	0	0	0	0	0	0	0	0	0	0	0	0	0	0	0	0	0	0	0	0
0	0.813	0.6621	0.6372	0.6065	0	0	0.8336	0.8331	0	0.6744	0.7707	0.7372	0.593	0.6223	0.6651	0.6767	0	0.6705	0.6627	0.7551	0.8498	0	0	0.8185	0.8243	0.8444	0.852	0	0.8275	0.8281	0.5939	0.6237125	0.6051	0.624742857	0	0.62172	0.6405	0	0	0	0.6342	0	0.7568	0.6895	0.669614286	0.6558	0	0.7178	0.6571	0.6778	0	0	0.6489	0	0.669	0.6749	0.6124	0	0	0.655	0.62	0.6161	0.6721	0	0	0	0.7057	0.7098	0.7054	0.8211	0.7023	0.6216	0.6584	0.7573	0	1	0.8982	0	0	0	0.8452	0.8701	0	0.6571	0	0.7014	0.6627	0.7715	0.6261	0	0.5614	0	0.8719	0.8468	0.7803	0	0	0.81	0.6827	0.6263	0.6263	0.7321	0.7684	0.7447	0.6265	0	0.6631	0.6337	0.655	0	0	0.6609	0.6609	0.629	0.6332	0.6444	0.8578	0	0.6121	0	0.5639	0.5829	0.6844	0	0.5898	0	0.6026	0.6026	0.5836	0.6157	0	0.7584	0	0.6766	0.6724	0.6944	0.6717	0.6483	0
0	0.8342	0.6623	0.6354	0.5965	0	0	0.8714	0.8529	0	0.6604	0.768	0.7491	0.601	0.5847	0.6302	0.6324	0	0.6598	0.6349	0.7793	0.82	0	0	0.7971	0.8069	0.8235	0.8193	0	0.8112	0.807	0.6077	0.6372125	0.6139	0.628607143	0	0.62784	0.6284	0	0	0	0.6498	0	0.758	0.6909	0.6462	0.6595	0	0.7232	0.6649	0.6672	0	0	0.6323	0	0.6732	0.656	0.6011	0	0	0.6435	0.6281	0.5772	0.6761	0	0	0	0.7246	0.7062	0.7244	0.8757	0.7269	0.6062	0.6391	0.764	0	0.8982	1	0	0	0	0.8955	0.8849	0	0.6649	0	0.6773	0.6141	0.7724	0.6227	0	0.5334	0	0.867	0.8411	0.7997	0	0	0.8156	0.6904	0.6246	0.6246	0.7353	0.7808	0.7552	0.6247	0	0.6209	0.6334	0.6087	0	0	0.6164	0.6164	0.6011	0.6089	0.6073	0.8631	0	0.632	0	0.5756	0.6059	0.6735	0	0.6155	0	0.6298	0.6298	0.6166	0.6273	0	0.7701	0	0.6606	0.6767	0.6543	0.6495	0.6575	0
0	0	0	0	0	0	0	0	0	0	0	0	0	0	0	0	0	0	0	0	0	0	0	0	0	0	0	0	0	0	0	0	0	0	0	0	0	0	0	0	0	0	0	0	0	0	0	0	0	0	0	0	0	0	0	0	0	0	0	0	0	0	0	0	0	0	0	0	0	0	0	0	0	0	0	0	0	0	1	0	0	0	0	0	0	0	0	0	0	0	0	0	0	0	0	0	0	0	0	0	0	0	0	0	0	0	0	0	0	0	0	0	0	0	0	0	0	0	0	0	0	0	0	0	0	0	0	0	0	0	0	0	0	0	0	0	0	0	0	0
0	0	0	0	0	0	0	0	0	0	0	0	0	0	0	0	0	0	0	0	0	0	0	0	0	0	0	0	0	0	0	0	0	0	0	0	0	0	0	0	0	0	0	0	0	0	0	0	0	0	0	0	0	0	0	0	0	0	0	0	0	0	0	0	0	0	0	0	0	0	0	0	0	0	0	0	0	0	0	1	0	0	0	0	0	0	0	0	0	0	0	0	0	0	0	0	0	0	0	0	0	0	0	0	0	0	0	0	0	0	0	0	0	0	0	0	0	0	0	0	0	0	0	0	0	0	0	0	0	0	0	0	0	0	0	0	0	0	0	0
0	0	0	0	0	0	0	0	0	0	0	0	0	0	0	0	0	0	0	0	0	0	0	0	0	0	0	0	0	0	0	0	0	0	0	0	0	0	0	0	0	0	0	0	0	0	0	0	0	0	0	0	0	0	0	0	0	0	0	0	0	0	0	0	0	0	0	0	0	0	0	0	0	0	0	0	0	0	0	0	1	0	0	0	0	0	0	0	0	0	0	0	0	0	0	0	0	0	0	0	0	0	0	0	0	0	0	0	0	0	0	0	0	0	0	0	0	0	0	0	0	0	0	0	0	0	0	0	0	0	0	0	0	0	0	0	0	0	0	0
0	0.8563	0.6809	0.6734	0.6601	0	0	0.8344	0.8901	0	0.6824	0.7674	0.7652	0.609175	0.5795	0.5963	0.6249	0	0.6556	0.6207	0.8039	0.8379	0	0	0.8174	0.8377	0.8386	0.8011	0	0.8125	0.8475	0.5679	0.681175	0.65545	0.649085714	0	0.63114	0.627	0	0	0	0.7058	0	0.7762	0.7527	0.618664286	0.7064	0	0.7844	0.7416	0.714	0	0	0.6673	0	0.7383	0.721	0.5927	0	0	0.6282	0.615	0.5964	0.7117	0	0	0	0.7828	0.765	0.7959	0.7999	0.7843	0.6303	0.6693	0.8099	0	0.8452	0.8955	0	0	0	1	0.9174	0	0.7416	0	0.6306	0.5884	0.8042	0.6673	0	0.5869	0	0.868	0.8772	0.8446	0	0	0.826	0.754	0.6902	0.6902	0.7996	0.844	0.8212	0.6863	0	0.6332	0.6276	0.5972	0	0	0.5966	0.5966	0.6173	0.6164	0.6219	0.8816	0	0.6673	0	0.6271	0.6286	0.6901	0	0.6421	0	0.6835	0.6835	0.6909	0.661	0	0.7665	0	0.6898	0.7318	0.6898	0.7007	0.7073	0
0	0.8467	0.658	0.6408	0.6456	0	0	0.8185	0.855	0	0.6567	0.7781	0.7559	0.60445	0.5395	0.5797	0.5872	0	0.5734	0.5828	0.7697	0.8347	0	0	0.8128	0.8418	0.8452	0.8166	0	0.8268	0.8281	0.5471	0.6501	0.626275	0.644071429	0	0.62266	0.6257	0	0	0	0.6894	0	0.7709	0.7377	0.596442857	0.6832	0	0.7522	0.7144	0.7081	0	0	0.6193	0	0.6992	0.7072	0.5997	0	0	0.6271	0.5994	0.6015	0.6929	0	0	0	0.7499	0.7268	0.7534	0.8002	0.7219	0.579	0.6251	0.7968	0	0.8701	0.8849	0	0	0	0.9174	1	0	0.7144	0	0.6305	0.5687	0.7758	0.6246	0	0.5619	0	0.877	0.869	0.8456	0	0	0.8142	0.7202	0.6595	0.6595	0.7837	0.8096	0.7861	0.667	0	0.6026	0.5987	0.5844	0	0	0.58	0.58	0.5782	0.5931	0.6037	0.8636	0	0.6136	0	0.5677	0.5729	0.6552	0	0.5984	0	0.6128	0.6128	0.6066	0.6042	0	0.7734	0	0.6683	0.7127	0.6727	0.6649	0.6787	0
0	0	0	0	0	0	0	0	0	0	0	0	0	0	0	0	0	0	0	0	0	0	0	0	0	0	0	0	0	0	0	0	0	0	0	0	0	0	0	0	0	0	0	0	0	0	0	0	0	0	0	0	0	0	0	0	0	0	0	0	0	0	0	0	0	0	0	0	0	0	0	0	0	0	0	0	0	0	0	0	0	0	0	1	0	0	0	0	0	0	0	0	0	0	0	0	0	0	0	0	0	0	0	0	0	0	0	0	0	0	0	0	0	0	0	0	0	0	0	0	0	0	0	0	0	0	0	0	0	0	0	0	0	0	0	0	0	0	0	0
0	0.7488	0.7136	0.7337	0.6887	0	0	0.6584	0.8263	0	0.7571	0.7811	0.8049	0.604675	0.7352	0.6111	0.6524	0	0.6157	0.7276	0.6997	0.6914	0	0	0.7253	0.7186	0.7046	0.6604	0	0.7029	0.7367	0.5528	0.573125	0.5699625	0.61985	0	0.57174	0.6029	0	0	0	0.8806	0	0.7252	0.9269	0.566471429	0.897	0	0.9324	1	0.9184	0	0	0.6822	0	0.9211	0.9225	0.5655	0	0	0.6108	0.6368	0.6617	0.8625	0	0	0	0.9359	0.9279	0.9427	0.6506	0.6366	0.6335	0.6574	0.8619	0	0.6571	0.6649	0	0	0	0.7416	0.7144	0	1	0	0.6026	0.6375	0.6848	0.7419	0	0.7312	0	0.73	0.7905	0.7997	0	0	0.7575	0.94	0.9113	0.9113	0.9262	0.9121	0.935	0.7055	0	0.6304	0.619	0.5879	0	0	0.597	0.597	0.6388	0.6341	0.6272	0.7828	0	0.6788	0	0.7001	0.5998	0.6577	0	0.6638	0	0.7456	0.7456	0.6631	0.641	0	0.6425	0	0.6687	0.7809	0.6887	0.6814	0.718	0
0	0	0	0	0	0	0	0	0	0	0	0	0	0	0	0	0	0	0	0	0	0	0	0	0	0	0	0	0	0	0	0	0	0	0	0	0	0	0	0	0	0	0	0	0	0	0	0	0	0	0	0	0	0	0	0	0	0	0	0	0	0	0	0	0	0	0	0	0	0	0	0	0	0	0	0	0	0	0	0	0	0	0	0	0	1	0	0	0	0	0	0	0	0	0	0	0	0	0	0	0	0	0	0	0	0	0	0	0	0	0	0	0	0	0	0	0	0	0	0	0	0	0	0	0	0	0	0	0	0	0	0	0	0	0	0	0	0	0	0
0	0.6532	0.5538	0.5147	0.6091	0	0	0.6372	0.677	0	0.6478	0.7064	0.6907	0.5417125	0.7081	0.6056	0.6729	0	0.7036	0.68	0.6224	0.6684	0	0	0.6841	0.7272	0.7171	0.6848	0	0.6833	0.6922	0.6122	0.640425	0.6335125	0.66525	0	0.69568	0.5682	0	0	0	0.5636	0	0.6218	0.5828	0.712835714	0.6684	0	0.6319	0.6026	0.5961	0	0	0.7124	0	0.6286	0.6199	0.6899	0	0	0.7003	0.6276	0.5997	0.6009	0	0	0	0.6287	0.6022	0.619	0.6326	0.5245	0.6128	0.5813	0.6888	0	0.7014	0.6773	0	0	0	0.6306	0.6305	0	0.6026	0	1	0.7217	0.6314	0.5697	0	0.5681	0	0.6739	0.6581	0.6154	0	0	0.6641	0.6313	0.5928	0.5928	0.6574	0.6493	0.6611	0.5419	0	0.5406	0.5321	0.5209	0	0	0.5401	0.5401	0.6101	0.547	0.536	0.6832	0	0.6106	0	0.6179	0.6161	0.6827	0	0.5076	0	0.6252	0.6252	0.5726	0.6314	0	0.6549	0	0.5972	0.5986	0.5834	0.5658	0.6114	0
0	0.615	0.6469	0.6463	0.6097	0	0	0.6442	0.6414	0	0.7096	0.6791	0.642	0.564425	0.689	0.7253	0.7445	0	0.6614	0.6937	0.592	0.6408	0	0	0.6668	0.5893	0.5887	0.6181	0	0.6047	0.6675	0.6402	0.607175	0.5977625	0.629007143	0	0.655	0.6945	0	0	0	0.6416	0	0.6764	0.6685	0.740321429	0.6713	0	0.6713	0.6375	0.6889	0	0	0.6833	0	0.6912	0.6615	0.6205	0	0	0.6983	0.752	0.6943	0.7086	0	0	0	0.6519	0.6657	0.6511	0.6026	0.5724	0.6796	0.6598	0.6453	0	0.6627	0.6141	0	0	0	0.5884	0.5687	0	0.6375	0	0.7217	1	0.683	0.7069	0	0.6458	0	0.6346	0.6344	0.6277	0	0	0.6791	0.6509	0.6401	0.6401	0.6628	0.6587	0.659	0.634	0	0.7159	0.7019	0.7311	0	0	0.7141	0.7141	0.7109	0.7109	0.7197	0.6441	0	0.6467	0	0.7259	0.6821	0.7299	0	0.6071	0	0.653	0.653	0.6418	0.6725	0	0.6428	0	0.725	0.6553	0.6808	0.6809	0.6849	0
0	0.7682	0.6647	0.657	0.6738	0	0	0.8492	0.7886	0	0.6865	0.7772	0.7344	0.6016375	0.5969	0.5773	0.6325	0	0.7049	0.6046	0.7468	0.7301	0	0	0.7321	0.6925	0.7033	0.7067	0	0.7093	0.7487	0.5474	0.675225	0.6424625	0.649964286	0	0.63384	0.6187	0	0	0	0.7378	0	0.7555	0.7287	0.671207143	0.7175	0	0.7464	0.6848	0.6943	0	0	0.6586	0	0.7178	0.7013	0.5602	0	0	0.5885	0.6462	0.6153	0.7375	0	0	0	0.7307	0.719	0.7353	0.6859	0.7473	0.5935	0.655	0.7158	0	0.7715	0.7724	0	0	0	0.8042	0.7758	0	0.6848	0	0.6314	0.683	1	0.6973	0	0.6417	0	0.761	0.7677	0.7811	0	0	0.7868	0.7185	0.699	0.699	0.7514	0.7443	0.7469	0.6999	0	0.6617	0.666	0.6586	0	0	0.6433	0.6433	0.6221	0.6698	0.6539	0.7636	0	0.657	0	0.6708	0.6339	0.7015	0	0.6569	0	0.6558	0.6558	0.7402	0.6621	0	0.7983	0	0.7343	0.7134	0.6651	0.7142	0.7256	0
0	0.6046	0.7456	0.7782	0.6894	0	0	0.6212	0.7053	0	0.7349	0.6615	0.6484	0.56685	0.6649	0.6783	0.7356	0	0.632	0.681	0.5851	0.6279	0	0	0.6249	0.5951	0.6087	0.6292	0	0.6333	0.6628	0.6273	0.648575	0.637525	0.646671429	0	0.61578	0.6974	0	0	0	0.772	0	0.6842	0.7393	0.6259	0.7393	0	0.7403	0.7419	0.7553	0	0	0.684	0	0.7603	0.7548	0.6012	0	0	0.648	0.6591	0.7426	0.7964	0	0	0	0.733	0.734	0.7318	0.5896	0.6816	0.71	0.6802	0.6663	0	0.6261	0.6227	0	0	0	0.6673	0.6246	0	0.7419	0	0.5697	0.7069	0.6973	1	0	0.8091	0	0.6036	0.6346	0.6622	0	0	0.6657	0.7293	0.7385	0.7385	0.7432	0.736	0.7339	0.7397	0	0.767	0.7594	0.7163	0	0	0.7215	0.7215	0.7606	0.7681	0.7734	0.6303	0	0.699	0	0.7704	0.6756	0.7114	0	0.7462	0	0.6852	0.6852	0.6932	0.6995	0	0.6296	0	0.7831	0.7896	0.7551	0.7543	0.7716	0
0	0	0	0	0	0	0	0	0	0	0	0	0	0	0	0	0	0	0	0	0	0	0	0	0	0	0	0	0	0	0	0	0	0	0	0	0	0	0	0	0	0	0	0	0	0	0	0	0	0	0	0	0	0	0	0	0	0	0	0	0	0	0	0	0	0	0	0	0	0	0	0	0	0	0	0	0	0	0	0	0	0	0	0	0	0	0	0	0	0	1	0	0	0	0	0	0	0	0	0	0	0	0	0	0	0	0	0	0	0	0	0	0	0	0	0	0	0	0	0	0	0	0	0	0	0	0	0	0	0	0	0	0	0	0	0	0	0	0	0
0	0.5598	0.6882	0.7277	0.6881	0	0	0.5419	0.6511	0	0.7047	0.6118	0.6259	0.5366125	0.6769	0.5981	0.657	0	0.6381	0.662	0.5311	0.5653	0	0	0.5878	0.5673	0.5607	0.5706	0	0.5796	0.616	0.5861	0.5947625	0.5871625	0.610907143	0	0.56828	0.6474	0	0	0	0.7613	0	0.6247	0.7305	0.577628571	0.7596	0	0.7364	0.7312	0.7419	0	0	0.6672	0	0.7756	0.7367	0.5572	0	0	0.6123	0.6048	0.7	0.7763	0	0	0	0.7182	0.7333	0.7281	0.5165	0.5863	0.6708	0.6647	0.6356	0	0.5614	0.5334	0	0	0	0.5869	0.5619	0	0.7312	0	0.5681	0.6458	0.6417	0.8091	0	1	0	0.5537	0.5945	0.6311	0	0	0.5992	0.7313	0.7343	0.7343	0.7273	0.6918	0.7277	0.7016	0	0.6473	0.6466	0.5946	0	0	0.6207	0.6207	0.669	0.6382	0.6376	0.5843	0	0.6537	0	0.7202	0.6456	0.6272	0	0.7245	0	0.7116	0.7116	0.6924	0.689	0	0.5695	0	0.6774	0.7174	0.6566	0.677	0.6902	0
0	0	0	0	0	0	0	0	0	0	0	0	0	0	0	0	0	0	0	0	0	0	0	0	0	0	0	0	0	0	0	0	0	0	0	0	0	0	0	0	0	0	0	0	0	0	0	0	0	0	0	0	0	0	0	0	0	0	0	0	0	0	0	0	0	0	0	0	0	0	0	0	0	0	0	0	0	0	0	0	0	0	0	0	0	0	0	0	0	0	0	0	1	0	0	0	0	0	0	0	0	0	0	0	0	0	0	0	0	0	0	0	0	0	0	0	0	0	0	0	0	0	0	0	0	0	0	0	0	0	0	0	0	0	0	0	0	0	0	0
0	0.9276	0.659	0.6386	0.6347	0	0	0.8441	0.8795	0	0.7033	0.8268	0.8309	0.6275	0.6108	0.6447	0.6516	0	0.644	0.6553	0.8466	0.8512	0	0	0.85	0.834	0.8442	0.8284	0	0.8005	0.8513	0.5733	0.6291875	0.5998375	0.634728571	0	0.64142	0.5984	0	0	0	0.6969	0	0.7754	0.7653	0.648742857	0.716	0	0.8068	0.73	0.7462	0	0	0.6748	0	0.7451	0.7501	0.6192	0	0	0.6579	0.6423	0.6283	0.6985	0	0	0	0.7823	0.7666	0.7921	0.7851	0.7058	0.6472	0.6969	0.8606	0	0.8719	0.867	0	0	0	0.868	0.877	0	0.73	0	0.6739	0.6346	0.761	0.6036	0	0.5537	0	1	0.9491	0.8921	0	0	0.8722	0.7649	0.729	0.729	0.8091	0.8406	0.8241	0.6865	0	0.6622	0.6249	0.6468	0	0	0.6485	0.6485	0.6252	0.6439	0.642	0.9286	0	0.6587	0	0.5965	0.6116	0.6923	0	0.5758	0	0.6362	0.6362	0.6271	0.6374	0	0.7795	0	0.6837	0.711	0.6962	0.6928	0.6705	0
0	0.9163	0.6758	0.676	0.6776	0	0	0.8185	0.8973	0	0.7172	0.8333	0.8687	0.6231	0.6456	0.606	0.6453	0	0.6552	0.6779	0.8555	0.8415	0	0	0.8392	0.8419	0.8501	0.823	0	0.8191	0.8554	0.568	0.6117875	0.5937375	0.628828571	0	0.60938	0.6114	0	0	0	0.7438	0	0.7722	0.8129	0.612485714	0.7549	0	0.8385	0.7905	0.7872	0	0	0.6831	0	0.7941	0.789	0.6033	0	0	0.6243	0.6311	0.6405	0.7416	0	0	0	0.8244	0.8124	0.8395	0.7604	0.7184	0.6099	0.6717	0.8852	0	0.8468	0.8411	0	0	0	0.8772	0.869	0	0.7905	0	0.6581	0.6344	0.7677	0.6346	0	0.5945	0	0.9491	1	0.9315	0	0	0.8677	0.81	0.7711	0.7711	0.8559	0.8881	0.8746	0.7189	0	0.6449	0.6044	0.6114	0	0	0.6199	0.6199	0.6169	0.6228	0.6256	0.92	0	0.666	0	0.6209	0.6036	0.681	0	0.6021	0	0.6625	0.6625	0.6568	0.6373	0	0.7536	0	0.6895	0.7308	0.6781	0.6824	0.6867	0
0	0.8771	0.6938	0.7142	0.7234	0	0	0.8172	0.8748	0	0.7361	0.8169	0.8512	0.6111125	0.6292	0.5793	0.6296	0	0.6405	0.6504	0.8315	0.7934	0	0	0.7994	0.7974	0.7989	0.7757	0	0.7806	0.8287	0.5624	0.625375	0.6119125	0.636014286	0	0.6115	0.5932	0	0	0	0.7821	0	0.773	0.8317	0.608792857	0.7663	0	0.8389	0.7997	0.796	0	0	0.6657	0	0.799	0.8013	0.5784	0	0	0.6107	0.6394	0.6483	0.7737	0	0	0	0.8287	0.8029	0.8321	0.7094	0.7326	0.5989	0.655	0.8595	0	0.7803	0.7997	0	0	0	0.8446	0.8456	0	0.7997	0	0.6154	0.6277	0.7811	0.6622	0	0.6311	0	0.8921	0.9315	1	0	0	0.8498	0.8107	0.7876	0.7876	0.8639	0.873	0.8734	0.7533	0	0.6463	0.6218	0.6245	0	0	0.6247	0.6247	0.6099	0.6433	0.6292	0.8735	0	0.667	0	0.6339	0.6168	0.6848	0	0.6316	0	0.672	0.672	0.6871	0.6492	0	0.76	0	0.7122	0.7701	0.6837	0.6939	0.7159	0
0	0	0	0	0	0	0	0	0	0	0	0	0	0	0	0	0	0	0	0	0	0	0	0	0	0	0	0	0	0	0	0	0	0	0	0	0	0	0	0	0	0	0	0	0	0	0	0	0	0	0	0	0	0	0	0	0	0	0	0	0	0	0	0	0	0	0	0	0	0	0	0	0	0	0	0	0	0	0	0	0	0	0	0	0	0	0	0	0	0	0	0	0	0	0	0	1	0	0	0	0	0	0	0	0	0	0	0	0	0	0	0	0	0	0	0	0	0	0	0	0	0	0	0	0	0	0	0	0	0	0	0	0	0	0	0	0	0	0	0
0	0	0	0	0	0	0	0	0	0	0	0	0	0	0	0	0	0	0	0	0	0	0	0	0	0	0	0	0	0	0	0	0	0	0	0	0	0	0	0	0	0	0	0	0	0	0	0	0	0	0	0	0	0	0	0	0	0	0	0	0	0	0	0	0	0	0	0	0	0	0	0	0	0	0	0	0	0	0	0	0	0	0	0	0	0	0	0	0	0	0	0	0	0	0	0	0	1	0	0	0	0	0	0	0	0	0	0	0	0	0	0	0	0	0	0	0	0	0	0	0	0	0	0	0	0	0	0	0	0	0	0	0	0	0	0	0	0	0	0
0	0.8456	0.7225	0.7074	0.6604	0	0	0.8005	0.8466	0	0.683	0.7736	0.8195	0.60355	0.6366	0.6696	0.6713	0	0.6327	0.6749	0.7631	0.7941	0	0	0.8141	0.7757	0.7734	0.7544	0	0.7494	0.8156	0.6001	0.6272875	0.615025	0.652357143	0	0.62626	0.6097	0	0	0	0.7421	0	0.7948	0.7779	0.655664286	0.7687	0	0.8063	0.7575	0.7764	0	0	0.7058	0	0.7723	0.7693	0.6144	0	0	0.6563	0.6746	0.6433	0.755	0	0	0	0.7868	0.7761	0.793	0.7633	0.689	0.6599	0.7127	0.8275	0	0.81	0.8156	0	0	0	0.826	0.8142	0	0.7575	0	0.6641	0.6791	0.7868	0.6657	0	0.5992	0	0.8722	0.8677	0.8498	0	0	1	0.7731	0.7383	0.7383	0.8039	0.8196	0.8162	0.7083	0	0.6987	0.6788	0.6835	0	0	0.6581	0.6581	0.6751	0.6888	0.6928	0.8805	0	0.7114	0	0.637	0.6574	0.7476	0	0.642	0	0.7003	0.7003	0.6932	0.6787	0	0.7519	0	0.7525	0.7905	0.7602	0.7751	0.7373	0
0	0.7799	0.7259	0.7154	0.6933	0	0	0.7063	0.8417	0	0.7515	0.8005	0.8277	0.6108875	0.7413	0.622	0.6759	0	0.6497	0.7408	0.719	0.7105	0	0	0.7447	0.7169	0.7106	0.6675	0	0.7046	0.7602	0.5653	0.5997875	0.600975	0.629328571	0	0.61664	0.6231	0	0	0	0.8805	0	0.7385	0.9287	0.594821429	0.9085	0	0.9693	0.94	0.9177	0	0	0.7003	0	0.9289	0.9209	0.5835	0	0	0.6404	0.6563	0.6601	0.8621	0	0	0	0.9498	0.9376	0.9642	0.6799	0.6456	0.6467	0.6902	0.8825	0	0.6827	0.6904	0	0	0	0.754	0.7202	0	0.94	0	0.6313	0.6509	0.7185	0.7293	0	0.7313	0	0.7649	0.81	0.8107	0	0	0.7731	1	0.9233	0.9233	0.9277	0.9131	0.9321	0.6991	0	0.6432	0.6308	0.6022	0	0	0.6121	0.6121	0.6561	0.647	0.631	0.8075	0	0.6936	0	0.7132	0.6339	0.6782	0	0.6666	0	0.7631	0.7631	0.6972	0.6671	0	0.6791	0	0.6822	0.7788	0.701	0.6891	0.7169	0
0	0.747	0.6932	0.6948	0.6778	0	0	0.6738	0.7813	0	0.7361	0.7745	0.8066	0.6194875	0.7523	0.6162	0.6531	0	0.6472	0.7456	0.7251	0.6449	0	0	0.6837	0.6652	0.6634	0.6362	0	0.6639	0.7126	0.5433	0.5744875	0.5764125	0.623807143	0	0.59322	0.5884	0	0	0	0.8936	0	0.7121	0.9018	0.5994	0.8975	0	0.92	0.9113	0.9099	0	0	0.6853	0	0.9063	0.9317	0.5618	0	0	0.6172	0.6383	0.6655	0.8407	0	0	0	0.9102	0.8996	0.9132	0.6027	0.6313	0.6422	0.6612	0.8452	0	0.6263	0.6246	0	0	0	0.6902	0.6595	0	0.9113	0	0.5928	0.6401	0.699	0.7385	0	0.7343	0	0.729	0.7711	0.7876	0	0	0.7383	0.9233	1	1	0.8944	0.8744	0.8919	0.6877	0	0.6327	0.6127	0.6041	0	0	0.6119	0.6119	0.6506	0.6439	0.648	0.7536	0	0.6804	0	0.7226	0.6285	0.6547	0	0.6571	0	0.7476	0.7476	0.688	0.664	0	0.6421	0	0.6679	0.7559	0.6863	0.6764	0.7062	0
0	0.747	0.6932	0.6948	0.6778	0	0	0.6738	0.7813	0	0.7361	0.7745	0.8066	0.6194875	0.7523	0.6162	0.6531	0	0.6472	0.7456	0.7251	0.6449	0	0	0.6837	0.6652	0.6634	0.6362	0	0.6639	0.7126	0.5433	0.5744875	0.5764125	0.623807143	0	0.59322	0.5884	0	0	0	0.8936	0	0.7121	0.9018	0.5994	0.8975	0	0.92	0.9113	0.9099	0	0	0.6853	0	0.9063	0.9317	0.5618	0	0	0.6172	0.6383	0.6655	0.8407	0	0	0	0.9102	0.8996	0.9132	0.6027	0.6313	0.6422	0.6612	0.8452	0	0.6263	0.6246	0	0	0	0.6902	0.6595	0	0.9113	0	0.5928	0.6401	0.699	0.7385	0	0.7343	0	0.729	0.7711	0.7876	0	0	0.7383	0.9233	1	1	0.8944	0.8744	0.8919	0.6877	0	0.6327	0.6127	0.6041	0	0	0.6119	0.6119	0.6506	0.6439	0.648	0.7536	0	0.6804	0	0.7226	0.6285	0.6547	0	0.6571	0	0.7476	0.7476	0.688	0.664	0	0.6421	0	0.6679	0.7559	0.6863	0.6764	0.7062	0
0	0.8154	0.7208	0.7447	0.7215	0	0	0.727	0.8702	0	0.7985	0.8203	0.8343	0.6253375	0.7229	0.6137	0.6588	0	0.6572	0.7268	0.7524	0.762	0	0	0.7794	0.7725	0.7608	0.7235	0	0.7582	0.7975	0.5701	0.625775	0.6109875	0.65545	0	0.63098	0.622	0	0	0	0.8849	0	0.7763	0.8997	0.606978571	0.8828	0	0.9345	0.9262	0.8957	0	0	0.6956	0	0.9168	0.9123	0.5935	0	0	0.6375	0.6407	0.6902	0.8815	0	0	0	0.921	0.9115	0.9337	0.6853	0.6756	0.6296	0.677	0.8873	0	0.7321	0.7353	0	0	0	0.7996	0.7837	0	0.9262	0	0.6574	0.6628	0.7514	0.7432	0	0.7273	0	0.8091	0.8559	0.8639	0	0	0.8039	0.9277	0.8944	0.8944	1	0.9444	0.9708	0.7405	0	0.6549	0.6375	0.6101	0	0	0.6175	0.6175	0.6535	0.6525	0.6435	0.845	0	0.681	0	0.6969	0.633	0.6865	0	0.6657	0	0.7329	0.7329	0.6951	0.6753	0	0.716	0	0.7087	0.807	0.7081	0.7128	0.7552	0
0	0.8575	0.7277	0.7423	0.7019	0	0	0.7566	0.8988	0	0.7856	0.8313	0.8481	0.62635	0.7127	0.6456	0.6771	0	0.6762	0.7383	0.8071	0.7852	0	0	0.7903	0.7905	0.7905	0.7555	0	0.7799	0.8158	0.5872	0.62635	0.6098	0.651171429	0	0.63154	0.6418	0	0	0	0.8524	0	0.7738	0.9037	0.615378571	0.8576	0	0.9299	0.9121	0.886	0	0	0.7219	0	0.8978	0.8924	0.5985	0	0	0.6541	0.6357	0.6873	0.859	0	0	0	0.919	0.9232	0.9356	0.7381	0.7164	0.6428	0.691	0.8868	0	0.7684	0.7808	0	0	0	0.844	0.8096	0	0.9121	0	0.6493	0.6587	0.7443	0.736	0	0.6918	0	0.8406	0.8881	0.873	0	0	0.8196	0.9131	0.8744	0.8744	0.9444	1	0.957	0.7451	0	0.673	0.654	0.6222	0	0	0.6362	0.6362	0.6704	0.6672	0.6666	0.8751	0	0.6868	0	0.6997	0.6208	0.6846	0	0.648	0	0.7124	0.7124	0.6689	0.6579	0	0.7275	0	0.7097	0.8121	0.7126	0.7057	0.7515	0
0	0.831	0.7203	0.7411	0.7166	0	0	0.735	0.887	0	0.8005	0.8302	0.8423	0.6231375	0.7401	0.6223	0.6718	0	0.6772	0.7515	0.7824	0.7803	0	0	0.7927	0.7949	0.7867	0.7494	0	0.7794	0.8196	0.5727	0.61045	0.6017125	0.64915	0	0.62074	0.6208	0	0	0	0.869	0	0.763	0.9091	0.606707143	0.8804	0	0.9437	0.935	0.8961	0	0	0.7067	0	0.9226	0.9067	0.5858	0	0	0.642	0.6302	0.6895	0.8792	0	0	0	0.9307	0.9212	0.946	0.7045	0.6859	0.6373	0.6877	0.8959	0	0.7447	0.7552	0	0	0	0.8212	0.7861	0	0.935	0	0.6611	0.659	0.7469	0.7339	0	0.7277	0	0.8241	0.8746	0.8734	0	0	0.8162	0.9321	0.8919	0.8919	0.9708	0.957	1	0.7528	0	0.6519	0.6315	0.6125	0	0	0.6201	0.6201	0.6513	0.6506	0.6397	0.8611	0	0.6854	0	0.6954	0.6242	0.6839	0	0.6651	0	0.739	0.739	0.6878	0.6799	0	0.725	0	0.7035	0.8074	0.7077	0.7052	0.7501	0
0	0.6739	0.7204	0.7721	0.7881	0	0	0.6413	0.7246	0	0.7565	0.68	0.6741	0.5412875	0.5653	0.5203	0.6025	0	0.5854	0.57	0.6857	0.6654	0	0	0.6478	0.6099	0.6208	0.6342	0	0.617	0.6888	0.6307	0.6097625	0.569375	0.567807143	0	0.57188	0.5808	0	0	0	0.7026	0	0.7318	0.718	0.553992857	0.6778	0	0.74	0.7055	0.7201	0	0	0.6256	0	0.7133	0.7182	0.5795	0	0	0.5211	0.614	0.7534	0.7921	0	0	0	0.7002	0.7039	0.7135	0.5474	0.72	0.5921	0.6433	0.7096	0	0.6265	0.6247	0	0	0	0.6863	0.667	0	0.7055	0	0.5419	0.634	0.6999	0.7397	0	0.7016	0	0.6865	0.7189	0.7533	0	0	0.7083	0.6991	0.6877	0.6877	0.7405	0.7451	0.7528	1	0	0.6934	0.6639	0.6969	0	0	0.6859	0.6859	0.6527	0.7139	0.7209	0.6861	0	0.6019	0	0.6549	0.5854	0.6713	0	0.6097	0	0.601	0.601	0.6719	0.5951	0	0.6833	0	0.8091	0.8303	0.7497	0.7992	0.8327	0
0	0	0	0	0	0	0	0	0	0	0	0	0	0	0	0	0	0	0	0	0	0	0	0	0	0	0	0	0	0	0	0	0	0	0	0	0	0	0	0	0	0	0	0	0	0	0	0	0	0	0	0	0	0	0	0	0	0	0	0	0	0	0	0	0	0	0	0	0	0	0	0	0	0	0	0	0	0	0	0	0	0	0	0	0	0	0	0	0	0	0	0	0	0	0	0	0	0	0	0	0	0	0	0	0	0	1	0	0	0	0	0	0	0	0	0	0	0	0	0	0	0	0	0	0	0	0	0	0	0	0	0	0	0	0	0	0	0	0	0
0	0.6592	0.7494	0.7524	0.6498	0	0	0.6775	0.6542	0	0.6717	0.6338	0.6341	0.556525	0.6077	0.7605	0.7668	0	0.5845	0.6535	0.594	0.6337	0	0	0.6411	0.5859	0.5907	0.6292	0	0.5957	0.658	0.6692	0.6201875	0.5872375	0.609292857	0	0.6042	0.6905	0	0	0	0.663	0	0.6991	0.6694	0.6372	0.6627	0	0.6659	0.6304	0.6887	0	0	0.6716	0	0.6539	0.6712	0.6018	0	0	0.6743	0.6513	0.7314	0.6943	0	0	0	0.6428	0.6627	0.642	0.6298	0.6758	0.7306	0.7551	0.6341	0	0.6631	0.6209	0	0	0	0.6332	0.6026	0	0.6304	0	0.5406	0.7159	0.6617	0.767	0	0.6473	0	0.6622	0.6449	0.6463	0	0	0.6987	0.6432	0.6327	0.6327	0.6549	0.673	0.6519	0.6934	0	1	0.8459	0.8945	0	0	0.9032	0.9032	0.8167	0.8876	0.9023	0.6664	0	0.6863	0	0.7088	0.6878	0.7152	0	0.6528	0	0.6332	0.6332	0.6133	0.6738	0	0.629	0	0.7656	0.714	0.7866	0.7604	0.683	0
0	0.6363	0.754	0.738	0.6439	0	0	0.677	0.6467	0	0.6752	0.5925	0.5914	0.544	0.5547	0.7072	0.6975	0	0.5928	0.5806	0.5621	0.6146	0	0	0.6207	0.5659	0.5777	0.5979	0	0.5843	0.6387	0.6925	0.6208875	0.5877125	0.600935714	0	0.596	0.6996	0	0	0	0.6405	0	0.6708	0.6483	0.627364286	0.6335	0	0.6548	0.619	0.6558	0	0	0.6211	0	0.6427	0.6285	0.5729	0	0	0.6618	0.6379	0.6705	0.6887	0	0	0	0.643	0.6369	0.6379	0.6438	0.6724	0.7091	0.7204	0.5892	0	0.6337	0.6334	0	0	0	0.6276	0.5987	0	0.619	0	0.5321	0.7019	0.666	0.7594	0	0.6466	0	0.6249	0.6044	0.6218	0	0	0.6788	0.6308	0.6127	0.6127	0.6375	0.654	0.6315	0.6639	0	0.8459	1	0.8191	0	0	0.8396	0.8396	0.8046	0.8474	0.8188	0.6397	0	0.671	0	0.7035	0.7002	0.72	0	0.6972	0	0.6177	0.6177	0.6201	0.6876	0	0.6328	0	0.7618	0.6999	0.7472	0.7476	0.6997	0
0	0.6449	0.713	0.7079	0.6128	0	0	0.6817	0.6148	0	0.6664	0.6288	0.6033	0.56435	0.5989	0.7242	0.7232	0	0.5563	0.6305	0.604	0.6256	0	0	0.6371	0.5611	0.5835	0.6174	0	0.5762	0.6468	0.6403	0.5882875	0.565175	0.582114286	0	0.58482	0.6467	0	0	0	0.6285	0	0.6894	0.6465	0.627178571	0.6136	0	0.6328	0.5879	0.663	0	0	0.603	0	0.6142	0.6356	0.5815	0	0	0.6307	0.6585	0.7358	0.6807	0	0	0	0.6131	0.6167	0.6002	0.6006	0.6541	0.6687	0.6894	0.6031	0	0.655	0.6087	0	0	0	0.5972	0.5844	0	0.5879	0	0.5209	0.7311	0.6586	0.7163	0	0.5946	0	0.6468	0.6114	0.6245	0	0	0.6835	0.6022	0.6041	0.6041	0.6101	0.6222	0.6125	0.6969	0	0.8945	0.8191	1	0	0	0.9167	0.9167	0.7786	0.8718	0.9019	0.6346	0	0.6313	0	0.6453	0.6462	0.6842	0	0.6134	0	0.5833	0.5833	0.5963	0.6398	0	0.6433	0	0.7534	0.665	0.756	0.7531	0.6677	0
0	0	0	0	0	0	0	0	0	0	0	0	0	0	0	0	0	0	0	0	0	0	0	0	0	0	0	0	0	0	0	0	0	0	0	0	0	0	0	0	0	0	0	0	0	0	0	0	0	0	0	0	0	0	0	0	0	0	0	0	0	0	0	0	0	0	0	0	0	0	0	0	0	0	0	0	0	0	0	0	0	0	0	0	0	0	0	0	0	0	0	0	0	0	0	0	0	0	0	0	0	0	0	0	0	0	0	0	0	0	1	0	0	0	0	0	0	0	0	0	0	0	0	0	0	0	0	0	0	0	0	0	0	0	0	0	0	0	0	0
0	0	0	0	0	0	0	0	0	0	0	0	0	0	0	0	0	0	0	0	0	0	0	0	0	0	0	0	0	0	0	0	0	0	0	0	0	0	0	0	0	0	0	0	0	0	0	0	0	0	0	0	0	0	0	0	0	0	0	0	0	0	0	0	0	0	0	0	0	0	0	0	0	0	0	0	0	0	0	0	0	0	0	0	0	0	0	0	0	0	0	0	0	0	0	0	0	0	0	0	0	0	0	0	0	0	0	0	0	0	0	1	0	0	0	0	0	0	0	0	0	0	0	0	0	0	0	0	0	0	0	0	0	0	0	0	0	0	0	0
0	0.6495	0.744	0.7264	0.6364	0	0	0.6849	0.6315	0	0.6812	0.6372	0.6267	0.551075	0.6164	0.7386	0.7466	0	0.5893	0.6289	0.6131	0.6378	0	0	0.6437	0.5752	0.602	0.653	0	0.6117	0.6596	0.668	0.5838125	0.5506375	0.577628571	0	0.58086	0.67	0	0	0	0.6294	0	0.6829	0.6421	0.619321429	0.6256	0	0.6367	0.597	0.6631	0	0	0.6285	0	0.6284	0.639	0.5617	0	0	0.6507	0.6308	0.7151	0.6803	0	0	0	0.6179	0.6164	0.6092	0.6161	0.6712	0.6743	0.6967	0.6013	0	0.6609	0.6164	0	0	0	0.5966	0.58	0	0.597	0	0.5401	0.7141	0.6433	0.7215	0	0.6207	0	0.6485	0.6199	0.6247	0	0	0.6581	0.6121	0.6119	0.6119	0.6175	0.6362	0.6201	0.6859	0	0.9032	0.8396	0.9167	0	0	1	1	0.7855	0.8727	0.8867	0.6426	0	0.6463	0	0.6718	0.6715	0.6942	0	0.6415	0	0.6054	0.6054	0.5949	0.6635	0	0.6504	0	0.7368	0.6715	0.7448	0.7363	0.668	0
0	0.6495	0.744	0.7264	0.6364	0	0	0.6849	0.6315	0	0.6812	0.6372	0.6267	0.551075	0.6164	0.7386	0.7466	0	0.5893	0.6289	0.6131	0.6378	0	0	0.6437	0.5752	0.602	0.653	0	0.6117	0.6596	0.668	0.5838125	0.5506375	0.577628571	0	0.58086	0.67	0	0	0	0.6294	0	0.6829	0.6421	0.619321429	0.6256	0	0.6367	0.597	0.6631	0	0	0.6285	0	0.6284	0.639	0.5617	0	0	0.6507	0.6308	0.7151	0.6803	0	0	0	0.6179	0.6164	0.6092	0.6161	0.6712	0.6743	0.6967	0.6013	0	0.6609	0.6164	0	0	0	0.5966	0.58	0	0.597	0	0.5401	0.7141	0.6433	0.7215	0	0.6207	0	0.6485	0.6199	0.6247	0	0	0.6581	0.6121	0.6119	0.6119	0.6175	0.6362	0.6201	0.6859	0	0.9032	0.8396	0.9167	0	0	1	1	0.7855	0.8727	0.8867	0.6426	0	0.6463	0	0.6718	0.6715	0.6942	0	0.6415	0	0.6054	0.6054	0.5949	0.6635	0	0.6504	0	0.7368	0.6715	0.7448	0.7363	0.668	0
0	0.637	0.7075	0.7088	0.653	0	0	0.6302	0.6364	0	0.6778	0.6324	0.651	0.5782125	0.6474	0.7047	0.7384	0	0.5856	0.661	0.6066	0.5996	0	0	0.5996	0.5992	0.5898	0.6071	0	0.5885	0.642	0.6677	0.625375	0.6114	0.641914286	0	0.65294	0.6796	0	0	0	0.6583	0	0.6636	0.6638	0.642735714	0.6648	0	0.6757	0.6388	0.6774	0	0	0.7156	0	0.6938	0.6718	0.6404	0	0	0.7231	0.6628	0.7228	0.7073	0	0	0	0.671	0.6554	0.6542	0.6225	0.6152	0.7494	0.731	0.6256	0	0.629	0.6011	0	0	0	0.6173	0.5782	0	0.6388	0	0.6101	0.7109	0.6221	0.7606	0	0.669	0	0.6252	0.6169	0.6099	0	0	0.6751	0.6561	0.6506	0.6506	0.6535	0.6704	0.6513	0.6527	0	0.8167	0.8046	0.7786	0	0	0.7855	0.7855	1	0.838	0.8268	0.6536	0	0.6991	0	0.7475	0.7109	0.7469	0	0.6558	0	0.6891	0.6891	0.6468	0.7162	0	0.5934	0	0.7456	0.7001	0.7501	0.732	0.6817	0
0	0.6429	0.7286	0.7241	0.6366	0	0	0.6699	0.6459	0	0.7019	0.6422	0.6357	0.5768875	0.6219	0.6941	0.7428	0	0.582	0.6353	0.6042	0.6164	0	0	0.6163	0.5701	0.5822	0.6035	0	0.5829	0.6447	0.6733	0.6094875	0.581875	0.611257143	0	0.63128	0.6732	0	0	0	0.6807	0	0.6979	0.6694	0.61825	0.6647	0	0.6757	0.6341	0.692	0	0	0.6789	0	0.661	0.6719	0.6131	0	0	0.6634	0.6569	0.753	0.7059	0	0	0	0.6538	0.6574	0.6461	0.591	0.6782	0.7059	0.7315	0.6386	0	0.6332	0.6089	0	0	0	0.6164	0.5931	0	0.6341	0	0.547	0.7109	0.6698	0.7681	0	0.6382	0	0.6439	0.6228	0.6433	0	0	0.6888	0.647	0.6439	0.6439	0.6525	0.6672	0.6506	0.7139	0	0.8876	0.8474	0.8718	0	0	0.8727	0.8727	0.838	1	0.8759	0.6589	0	0.6833	0	0.7136	0.6748	0.7296	0	0.6671	0	0.6268	0.6268	0.6308	0.69	0	0.6259	0	0.7899	0.7112	0.7917	0.7687	0.7027	0
0	0.6579	0.7558	0.7645	0.6752	0	0	0.6639	0.6428	0	0.6708	0.6486	0.6358	0.5574625	0.6175	0.7264	0.7348	0	0.5688	0.6459	0.6058	0.6227	0	0	0.6322	0.5745	0.5897	0.6234	0	0.5888	0.6559	0.6692	0.608525	0.581925	0.599485714	0	0.59672	0.635	0	0	0	0.6673	0	0.7222	0.6711	0.608471429	0.6565	0	0.6596	0.6272	0.6864	0	0	0.6603	0	0.655	0.6733	0.6154	0	0	0.6559	0.6688	0.7559	0.7094	0	0	0	0.6371	0.6535	0.6324	0.6011	0.6655	0.7091	0.7334	0.6267	0	0.6444	0.6073	0	0	0	0.6219	0.6037	0	0.6272	0	0.536	0.7197	0.6539	0.7734	0	0.6376	0	0.642	0.6256	0.6292	0	0	0.6928	0.631	0.648	0.648	0.6435	0.6666	0.6397	0.7209	0	0.9023	0.8188	0.9019	0	0	0.8867	0.8867	0.8268	0.8759	1	0.6546	0	0.6873	0	0.7188	0.677	0.7279	0	0.6314	0	0.6471	0.6471	0.6358	0.6773	0	0.6328	0	0.7808	0.7299	0.7731	0.7773	0.7177	0
0	0.91	0.6974	0.6918	0.6482	0	0	0.828	0.8969	0	0.7183	0.8166	0.8554	0.6257875	0.6523	0.6581	0.6722	0	0.6563	0.6913	0.8208	0.8538	0	0	0.8501	0.841	0.8438	0.8143	0	0.8087	0.8537	0.5988	0.64275	0.6174875	0.654885714	0	0.64846	0.6157	0	0	0	0.7432	0	0.8025	0.7894	0.632542857	0.7621	0	0.836	0.7828	0.7814	0	0	0.7375	0	0.7964	0.7817	0.6096	0	0	0.6743	0.6456	0.6473	0.7477	0	0	0	0.8098	0.8058	0.8266	0.8072	0.7268	0.6641	0.7253	0.8631	0	0.8578	0.8631	0	0	0	0.8816	0.8636	0	0.7828	0	0.6832	0.6441	0.7636	0.6303	0	0.5843	0	0.9286	0.92	0.8735	0	0	0.8805	0.8075	0.7536	0.7536	0.845	0.8751	0.8611	0.6861	0	0.6664	0.6397	0.6346	0	0	0.6426	0.6426	0.6536	0.6589	0.6546	1	0	0.7113	0	0.6514	0.6534	0.7212	0	0.6101	0	0.7101	0.7101	0.6774	0.6807	0	0.7557	0	0.6943	0.7544	0.7154	0.7126	0.7041	0
0	0	0	0	0	0	0	0	0	0	0	0	0	0	0	0	0	0	0	0	0	0	0	0	0	0	0	0	0	0	0	0	0	0	0	0	0	0	0	0	0	0	0	0	0	0	0	0	0	0	0	0	0	0	0	0	0	0	0	0	0	0	0	0	0	0	0	0	0	0	0	0	0	0	0	0	0	0	0	0	0	0	0	0	0	0	0	0	0	0	0	0	0	0	0	0	0	0	0	0	0	0	0	0	0	0	0	0	0	0	0	0	0	0	0	0	0	0	1	0	0	0	0	0	0	0	0	0	0	0	0	0	0	0	0	0	0	0	0	0
0	0.6718	0.6937	0.6771	0.6239	0	0	0.649	0.7139	0	0.635	0.6691	0.7083	0.5903125	0.6073	0.6997	0.6791	0	0.6511	0.6572	0.6309	0.6351	0	0	0.6493	0.6232	0.6058	0.6163	0	0.6181	0.6695	0.6164	0.680975	0.660525	0.655807143	0	0.66262	0.5978	0	0	0	0.69	0	0.6877	0.6983	0.631778571	0.7023	0	0.704	0.6788	0.6813	0	0	0.8162	0	0.716	0.6961	0.6392	0	0	0.7455	0.7103	0.6567	0.6895	0	0	0	0.6951	0.6739	0.7055	0.6348	0.6386	0.787	0.8113	0.6705	0	0.6121	0.632	0	0	0	0.6673	0.6136	0	0.6788	0	0.6106	0.6467	0.657	0.699	0	0.6537	0	0.6587	0.666	0.667	0	0	0.7114	0.6936	0.6804	0.6804	0.681	0.6868	0.6854	0.6019	0	0.6863	0.671	0.6313	0	0	0.6463	0.6463	0.6991	0.6833	0.6873	0.7113	0	1	0	0.8052	0.8254	0.7809	0	0.7236	0	0.8258	0.8258	0.7757	0.8327	0	0.6339	0	0.6746	0.6745	0.6611	0.6679	0.6673	0
0	0	0	0	0	0	0	0	0	0	0	0	0	0	0	0	0	0	0	0	0	0	0	0	0	0	0	0	0	0	0	0	0	0	0	0	0	0	0	0	0	0	0	0	0	0	0	0	0	0	0	0	0	0	0	0	0	0	0	0	0	0	0	0	0	0	0	0	0	0	0	0	0	0	0	0	0	0	0	0	0	0	0	0	0	0	0	0	0	0	0	0	0	0	0	0	0	0	0	0	0	0	0	0	0	0	0	0	0	0	0	0	0	0	0	0	0	0	0	0	1	0	0	0	0	0	0	0	0	0	0	0	0	0	0	0	0	0	0	0
0	0.6187	0.6691	0.7012	0.651	0	0	0.6059	0.6637	0	0.6862	0.6669	0.6529	0.58055	0.6683	0.6514	0.7042	0	0.6528	0.6821	0.6091	0.5726	0	0	0.5953	0.5768	0.5633	0.5616	0	0.5882	0.6286	0.6459	0.6576375	0.647575	0.633892857	0	0.64708	0.6518	0	0	0	0.717	0	0.695	0.7025	0.645221429	0.7152	0	0.7144	0.7001	0.7054	0	0	0.7586	0	0.7579	0.7091	0.6	0	0	0.6961	0.7097	0.676	0.7396	0	0	0	0.7037	0.7079	0.6985	0.5848	0.6252	0.7495	0.7365	0.6487	0	0.5639	0.5756	0	0	0	0.6271	0.5677	0	0.7001	0	0.6179	0.7259	0.6708	0.7704	0	0.7202	0	0.5965	0.6209	0.6339	0	0	0.637	0.7132	0.7226	0.7226	0.6969	0.6997	0.6954	0.6549	0	0.7088	0.7035	0.6453	0	0	0.6718	0.6718	0.7475	0.7136	0.7188	0.6514	0	0.8052	0	1	0.7797	0.7448	0	0.7332	0	0.7912	0.7912	0.7815	0.7704	0	0.6143	0	0.7021	0.703	0.6742	0.6924	0.6947	0
0	0.6282	0.6924	0.6734	0.5851	0	0	0.6328	0.645	0	0.618	0.6153	0.6378	0.583875	0.5798	0.6829	0.6775	0	0.6488	0.6257	0.5887	0.6064	0	0	0.6228	0.57	0.5642	0.5671	0	0.5859	0.6389	0.6894	0.6967125	0.692625	0.637207143	0	0.6712	0.6078	0	0	0	0.6345	0	0.6781	0.6357	0.66165	0.6472	0	0.6438	0.5998	0.6308	0	0	0.7459	0	0.6699	0.6158	0.5875	0	0	0.7112	0.6931	0.6306	0.6625	0	0	0	0.6323	0.6075	0.6306	0.6024	0.6211	0.7115	0.7233	0.5826	0	0.5829	0.6059	0	0	0	0.6286	0.5729	0	0.5998	0	0.6161	0.6821	0.6339	0.6756	0	0.6456	0	0.6116	0.6036	0.6168	0	0	0.6574	0.6339	0.6285	0.6285	0.633	0.6208	0.6242	0.5854	0	0.6878	0.7002	0.6462	0	0	0.6715	0.6715	0.7109	0.6748	0.677	0.6534	0	0.8254	0	0.7797	1	0.8237	0	0.7655	0	0.8107	0.8107	0.7936	0.8548	0	0.6561	0	0.6697	0.678	0.6657	0.6786	0.6719	0
0	0.6918	0.6911	0.6941	0.6386	0	0	0.6966	0.728	0	0.6767	0.7024	0.71	0.584	0.6522	0.6888	0.7354	0	0.6715	0.6709	0.6776	0.6757	0	0	0.683	0.6261	0.6315	0.655	0	0.6511	0.7042	0.7253	0.67975	0.682075	0.646307143	0	0.67212	0.6082	0	0	0	0.653	0	0.7332	0.6849	0.695778571	0.6835	0	0.6901	0.6577	0.6818	0	0	0.7617	0	0.6969	0.6665	0.6367	0	0	0.6985	0.7086	0.6753	0.6909	0	0	0	0.681	0.6756	0.6755	0.644	0.6792	0.7008	0.7095	0.662	0	0.6844	0.6735	0	0	0	0.6901	0.6552	0	0.6577	0	0.6827	0.7299	0.7015	0.7114	0	0.6272	0	0.6923	0.681	0.6848	0	0	0.7476	0.6782	0.6547	0.6547	0.6865	0.6846	0.6839	0.6713	0	0.7152	0.72	0.6842	0	0	0.6942	0.6942	0.7469	0.7296	0.7279	0.7212	0	0.7809	0	0.7448	0.8237	1	0	0.7292	0	0.7614	0.7614	0.7567	0.7906	0	0.6799	0	0.7494	0.7504	0.756	0.7551	0.7441	0
0	0	0	0	0	0	0	0	0	0	0	0	0	0	0	0	0	0	0	0	0	0	0	0	0	0	0	0	0	0	0	0	0	0	0	0	0	0	0	0	0	0	0	0	0	0	0	0	0	0	0	0	0	0	0	0	0	0	0	0	0	0	0	0	0	0	0	0	0	0	0	0	0	0	0	0	0	0	0	0	0	0	0	0	0	0	0	0	0	0	0	0	0	0	0	0	0	0	0	0	0	0	0	0	0	0	0	0	0	0	0	0	0	0	0	0	0	0	0	0	0	0	0	0	1	0	0	0	0	0	0	0	0	0	0	0	0	0	0	0
0	0.5755	0.6838	0.695	0.5972	0	0	0.6138	0.6537	0	0.6559	0.5856	0.5864	0.5368375	0.6067	0.6526	0.654	0	0.6219	0.6488	0.5472	0.5906	0	0	0.5955	0.5641	0.5694	0.578	0	0.6071	0.6199	0.6205	0.5955875	0.599475	0.619428571	0	0.55478	0.6637	0	0	0	0.694	0	0.6437	0.664	0.578028571	0.6662	0	0.6714	0.6638	0.664	0	0	0.6398	0	0.6879	0.65	0.5216	0	0	0.6424	0.5811	0.5847	0.6802	0	0	0	0.6733	0.6708	0.675	0.5908	0.6243	0.6394	0.6418	0.5956	0	0.5898	0.6155	0	0	0	0.6421	0.5984	0	0.6638	0	0.5076	0.6071	0.6569	0.7462	0	0.7245	0	0.5758	0.6021	0.6316	0	0	0.642	0.6666	0.6571	0.6571	0.6657	0.648	0.6651	0.6097	0	0.6528	0.6972	0.6134	0	0	0.6415	0.6415	0.6558	0.6671	0.6314	0.6101	0	0.7236	0	0.7332	0.7655	0.7292	0	1	0	0.7733	0.7733	0.7733	0.7915	0	0.6031	0	0.6421	0.6573	0.6313	0.6516	0.6136	0
0	0	0	0	0	0	0	0	0	0	0	0	0	0	0	0	0	0	0	0	0	0	0	0	0	0	0	0	0	0	0	0	0	0	0	0	0	0	0	0	0	0	0	0	0	0	0	0	0	0	0	0	0	0	0	0	0	0	0	0	0	0	0	0	0	0	0	0	0	0	0	0	0	0	0	0	0	0	0	0	0	0	0	0	0	0	0	0	0	0	0	0	0	0	0	0	0	0	0	0	0	0	0	0	0	0	0	0	0	0	0	0	0	0	0	0	0	0	0	0	0	0	0	0	0	0	1	0	0	0	0	0	0	0	0	0	0	0	0	0
0	0.6453	0.6961	0.6886	0.6478	0	0	0.6219	0.702	0	0.6623	0.6808	0.7243	0.5932875	0.7116	0.6717	0.6763	0	0.6709	0.7262	0.6269	0.633	0	0	0.6686	0.6667	0.6287	0.6211	0	0.6499	0.7076	0.6031	0.6372	0.62815	0.643871429	0	0.61776	0.6047	0	0	0	0.7362	0	0.6827	0.743	0.609192857	0.7749	0	0.754	0.7456	0.7285	0	0	0.7792	0	0.7814	0.7382	0.5676	0	0	0.7046	0.6855	0.6338	0.7078	0	0	0	0.7556	0.7406	0.7562	0.6162	0.5904	0.7324	0.7501	0.7109	0	0.6026	0.6298	0	0	0	0.6835	0.6128	0	0.7456	0	0.6252	0.653	0.6558	0.6852	0	0.7116	0	0.6362	0.6625	0.672	0	0	0.7003	0.7631	0.7476	0.7476	0.7329	0.7124	0.739	0.601	0	0.6332	0.6177	0.5833	0	0	0.6054	0.6054	0.6891	0.6268	0.6471	0.7101	0	0.8258	0	0.7912	0.8107	0.7614	0	0.7733	0	1	1	0.8283	0.8481	0	0.5965	0	0.6095	0.6615	0.6236	0.6458	0.6192	0
0	0.6453	0.6961	0.6886	0.6478	0	0	0.6219	0.702	0	0.6623	0.6808	0.7243	0.5932875	0.7116	0.6717	0.6763	0	0.6709	0.7262	0.6269	0.633	0	0	0.6686	0.6667	0.6287	0.6211	0	0.6499	0.7076	0.6031	0.6372	0.62815	0.643871429	0	0.61776	0.6047	0	0	0	0.7362	0	0.6827	0.743	0.609192857	0.7749	0	0.754	0.7456	0.7285	0	0	0.7792	0	0.7814	0.7382	0.5676	0	0	0.7046	0.6855	0.6338	0.7078	0	0	0	0.7556	0.7406	0.7562	0.6162	0.5904	0.7324	0.7501	0.7109	0	0.6026	0.6298	0	0	0	0.6835	0.6128	0	0.7456	0	0.6252	0.653	0.6558	0.6852	0	0.7116	0	0.6362	0.6625	0.672	0	0	0.7003	0.7631	0.7476	0.7476	0.7329	0.7124	0.739	0.601	0	0.6332	0.6177	0.5833	0	0	0.6054	0.6054	0.6891	0.6268	0.6471	0.7101	0	0.8258	0	0.7912	0.8107	0.7614	0	0.7733	0	1	1	0.8283	0.8481	0	0.5965	0	0.6095	0.6615	0.6236	0.6458	0.6192	0
0	0.6441	0.6538	0.6627	0.6475	0	0	0.6532	0.7073	0	0.6596	0.6648	0.6874	0.54705	0.6036	0.5687	0.6006	0	0.6572	0.6123	0.6675	0.615	0	0	0.6155	0.5979	0.5908	0.5787	0	0.5931	0.6796	0.5519	0.64375	0.6343	0.61005	0	0.59628	0.5696	0	0	0	0.7264	0	0.6808	0.6732	0.5803	0.6999	0	0.6959	0.6631	0.6707	0	0	0.6914	0	0.7104	0.6864	0.5216	0	0	0.5952	0.645	0.6259	0.6916	0	0	0	0.6987	0.6668	0.6901	0.561	0.7025	0.6436	0.6736	0.6617	0	0.5836	0.6166	0	0	0	0.6909	0.6066	0	0.6631	0	0.5726	0.6418	0.7402	0.6932	0	0.6924	0	0.6271	0.6568	0.6871	0	0	0.6932	0.6972	0.688	0.688	0.6951	0.6689	0.6878	0.6719	0	0.6133	0.6201	0.5963	0	0	0.5949	0.5949	0.6468	0.6308	0.6358	0.6774	0	0.7757	0	0.7815	0.7936	0.7567	0	0.7733	0	0.8283	0.8283	1	0.8188	0	0.6318	0	0.6795	0.6849	0.6444	0.7022	0.6867	0
0	0.64	0.6953	0.6776	0.617	0	0	0.6339	0.686	0	0.6759	0.6523	0.6537	0.5916375	0.6406	0.6921	0.6891	0	0.6807	0.6654	0.6229	0.6303	0	0	0.6388	0.6348	0.6184	0.6155	0	0.6246	0.6805	0.6321	0.6726125	0.667925	0.66195	0	0.66464	0.6293	0	0	0	0.678	0	0.6666	0.6518	0.633614286	0.6774	0	0.6779	0.641	0.645	0	0	0.7572	0	0.7011	0.655	0.5855	0	0	0.7337	0.6707	0.6844	0.6924	0	0	0	0.6729	0.6346	0.671	0.6128	0.6336	0.7437	0.7488	0.6386	0	0.6157	0.6273	0	0	0	0.661	0.6042	0	0.641	0	0.6314	0.6725	0.6621	0.6995	0	0.689	0	0.6374	0.6373	0.6492	0	0	0.6787	0.6671	0.664	0.664	0.6753	0.6579	0.6799	0.5951	0	0.6738	0.6876	0.6398	0	0	0.6635	0.6635	0.7162	0.69	0.6773	0.6807	0	0.8327	0	0.7704	0.8548	0.7906	0	0.7915	0	0.8481	0.8481	0.8188	1	0	0.5973	0	0.6485	0.6552	0.6554	0.6801	0.6507	0
0	0	0	0	0	0	0	0	0	0	0	0	0	0	0	0	0	0	0	0	0	0	0	0	0	0	0	0	0	0	0	0	0	0	0	0	0	0	0	0	0	0	0	0	0	0	0	0	0	0	0	0	0	0	0	0	0	0	0	0	0	0	0	0	0	0	0	0	0	0	0	0	0	0	0	0	0	0	0	0	0	0	0	0	0	0	0	0	0	0	0	0	0	0	0	0	0	0	0	0	0	0	0	0	0	0	0	0	0	0	0	0	0	0	0	0	0	0	0	0	0	0	0	0	0	0	0	0	0	0	0	1	0	0	0	0	0	0	0	0
0	0.7681	0.6244	0.6285	0.6058	0	0	0.8197	0.766	0	0.6839	0.7439	0.7052	0.5818875	0.5391	0.5668	0.5864	0	0.6235	0.5567	0.7215	0.7517	0	0	0.7418	0.7068	0.7231	0.7311	0	0.7481	0.7552	0.594	0.6890625	0.668525	0.630707143	0	0.6353	0.5674	0	0	0	0.6558	0	0.7522	0.708	0.674442857	0.6556	0	0.7168	0.6425	0.6686	0	0	0.6348	0	0.6756	0.6669	0.5969	0	0	0.6181	0.6628	0.6515	0.6934	0	0	0	0.6959	0.6792	0.7038	0.7175	0.708	0.5656	0.6305	0.68	0	0.7584	0.7701	0	0	0	0.7665	0.7734	0	0.6425	0	0.6549	0.6428	0.7983	0.6296	0	0.5695	0	0.7795	0.7536	0.76	0	0	0.7519	0.6791	0.6421	0.6421	0.716	0.7275	0.725	0.6833	0	0.629	0.6328	0.6433	0	0	0.6504	0.6504	0.5934	0.6259	0.6328	0.7557	0	0.6339	0	0.6143	0.6561	0.6799	0	0.6031	0	0.5965	0.5965	0.6318	0.5973	0	1	0	0.6803	0.6994	0.6423	0.6499	0.7054	0
0	0	0	0	0	0	0	0	0	0	0	0	0	0	0	0	0	0	0	0	0	0	0	0	0	0	0	0	0	0	0	0	0	0	0	0	0	0	0	0	0	0	0	0	0	0	0	0	0	0	0	0	0	0	0	0	0	0	0	0	0	0	0	0	0	0	0	0	0	0	0	0	0	0	0	0	0	0	0	0	0	0	0	0	0	0	0	0	0	0	0	0	0	0	0	0	0	0	0	0	0	0	0	0	0	0	0	0	0	0	0	0	0	0	0	0	0	0	0	0	0	0	0	0	0	0	0	0	0	0	0	0	0	1	0	0	0	0	0	0
0	0.6772	0.7376	0.7664	0.7277	0	0	0.6738	0.7311	0	0.7238	0.6642	0.6677	0.57255	0.5785	0.6401	0.6866	0	0.6204	0.5888	0.6244	0.6595	0	0	0.6525	0.5845	0.6074	0.6197	0	0.5984	0.692	0.6764	0.7000625	0.6709375	0.640135714	0	0.67006	0.5957	0	0	0	0.6967	0	0.7792	0.6967	0.666957143	0.6772	0	0.7112	0.6687	0.7072	0	0	0.6963	0	0.7033	0.7266	0.6556	0	0	0.6117	0.7125	0.7639	0.7853	0	0	0	0.6836	0.6737	0.6786	0.6145	0.7149	0.7096	0.7363	0.6866	0	0.6766	0.6606	0	0	0	0.6898	0.6683	0	0.6687	0	0.5972	0.725	0.7343	0.7831	0	0.6774	0	0.6837	0.6895	0.7122	0	0	0.7525	0.6822	0.6679	0.6679	0.7087	0.7097	0.7035	0.8091	0	0.7656	0.7618	0.7534	0	0	0.7368	0.7368	0.7456	0.7899	0.7808	0.6943	0	0.6746	0	0.7021	0.6697	0.7494	0	0.6421	0	0.6095	0.6095	0.6795	0.6485	0	0.6803	0	1	0.8626	0.8779	0.8942	0.8753	0
0	0.7127	0.783	0.8023	0.7501	0	0	0.6813	0.7772	0	0.7343	0.6932	0.7471	0.5637625	0.625	0.6248	0.6616	0	0.6173	0.6412	0.6587	0.6883	0	0	0.6831	0.6292	0.6295	0.6344	0	0.6364	0.7236	0.657	0.6544	0.64155	0.630257143	0	0.6297	0.582	0	0	0	0.7731	0	0.798	0.7774	0.624585714	0.763	0	0.8002	0.7809	0.788	0	0	0.7079	0	0.7987	0.788	0.6031	0	0	0.5793	0.6674	0.7362	0.8395	0	0	0	0.7757	0.782	0.7815	0.6561	0.7313	0.6687	0.723	0.757	0	0.6724	0.6767	0	0	0	0.7318	0.7127	0	0.7809	0	0.5986	0.6553	0.7134	0.7896	0	0.7174	0	0.711	0.7308	0.7701	0	0	0.7905	0.7788	0.7559	0.7559	0.807	0.8121	0.8074	0.8303	0	0.714	0.6999	0.665	0	0	0.6715	0.6715	0.7001	0.7112	0.7299	0.7544	0	0.6745	0	0.703	0.678	0.7504	0	0.6573	0	0.6615	0.6615	0.6849	0.6552	0	0.6994	0	0.8626	1	0.8488	0.8565	0.8883	0
0	0.686	0.7614	0.7636	0.6877	0	0	0.6459	0.7095	0	0.6933	0.644	0.6829	0.5734375	0.5816	0.6697	0.708	0	0.5641	0.614	0.6132	0.6805	0	0	0.6791	0.6093	0.6131	0.6344	0	0.6071	0.7081	0.6833	0.6530375	0.630225	0.616742857	0	0.64586	0.6011	0	0	0	0.701	0	0.7651	0.7096	0.64515	0.6949	0	0.7205	0.6887	0.7513	0	0	0.6999	0	0.7097	0.7361	0.6498	0	0	0.617	0.693	0.7304	0.7583	0	0	0	0.7008	0.702	0.6916	0.6524	0.6834	0.6987	0.7423	0.6964	0	0.6944	0.6543	0	0	0	0.6898	0.6727	0	0.6887	0	0.5834	0.6808	0.6651	0.7551	0	0.6566	0	0.6962	0.6781	0.6837	0	0	0.7602	0.701	0.6863	0.6863	0.7081	0.7126	0.7077	0.7497	0	0.7866	0.7472	0.756	0	0	0.7448	0.7448	0.7501	0.7917	0.7731	0.7154	0	0.6611	0	0.6742	0.6657	0.756	0	0.6313	0	0.6236	0.6236	0.6444	0.6554	0	0.6423	0	0.8779	0.8488	1	0.9082	0.8171	0
0	0.6756	0.7619	0.7832	0.7142	0	0	0.6606	0.7173	0	0.7006	0.6363	0.6687	0.573075	0.5596	0.6218	0.6491	0	0.5941	0.5745	0.6359	0.6746	0	0	0.6674	0.6	0.6087	0.6168	0	0.5974	0.7029	0.6498	0.6781875	0.6514125	0.621535714	0	0.63136	0.5965	0	0	0	0.7008	0	0.7828	0.6875	0.631107143	0.6959	0	0.7221	0.6814	0.7213	0	0	0.6865	0	0.7131	0.721	0.6517	0	0	0.57	0.6823	0.7312	0.7849	0	0	0	0.6804	0.6857	0.684	0.6113	0.7211	0.6933	0.7559	0.6852	0	0.6717	0.6495	0	0	0	0.7007	0.6649	0	0.6814	0	0.5658	0.6809	0.7142	0.7543	0	0.677	0	0.6928	0.6824	0.6939	0	0	0.7751	0.6891	0.6764	0.6764	0.7128	0.7057	0.7052	0.7992	0	0.7604	0.7476	0.7531	0	0	0.7363	0.7363	0.732	0.7687	0.7773	0.7126	0	0.6679	0	0.6924	0.6786	0.7551	0	0.6516	0	0.6458	0.6458	0.7022	0.6801	0	0.6499	0	0.8942	0.8565	0.9082	1	0.8491	0
0	0.6759	0.7259	0.7576	0.7413	0	0	0.6673	0.7575	0	0.74	0.6715	0.6816	0.5716375	0.5888	0.5786	0.6315	0	0.6474	0.591	0.6561	0.6521	0	0	0.6557	0.5761	0.5956	0.6122	0	0.6045	0.6908	0.6809	0.6945375	0.6665375	0.635835714	0	0.65126	0.5813	0	0	0	0.7176	0	0.7651	0.73	0.656478571	0.7045	0	0.747	0.718	0.7211	0	0	0.6599	0	0.7423	0.7432	0.6326	0	0	0.5818	0.6656	0.7441	0.8095	0	0	0	0.7117	0.7102	0.7299	0.6171	0.732	0.6576	0.6964	0.6853	0	0.6483	0.6575	0	0	0	0.7073	0.6787	0	0.718	0	0.6114	0.6849	0.7256	0.7716	0	0.6902	0	0.6705	0.6867	0.7159	0	0	0.7373	0.7169	0.7062	0.7062	0.7552	0.7515	0.7501	0.8327	0	0.683	0.6997	0.6677	0	0	0.668	0.668	0.6817	0.7027	0.7177	0.7041	0	0.6673	0	0.6947	0.6719	0.7441	0	0.6136	0	0.6192	0.6192	0.6867	0.6507	0	0.7054	0	0.8753	0.8883	0.8171	0.8491	1	0
0	0	0	0	0	0	0	0	0	0	0	0	0	0	0	0	0	0	0	0	0	0	0	0	0	0	0	0	0	0	0	0	0	0	0	0	0	0	0	0	0	0	0	0	0	0	0	0	0	0	0	0	0	0	0	0	0	0	0	0	0	0	0	0	0	0	0	0	0	0	0	0	0	0	0	0	0	0	0	0	0	0	0	0	0	0	0	0	0	0	0	0	0	0	0	0	0	0	0	0	0	0	0	0	0	0	0	0	0	0	0	0	0	0	0	0	0	0	0	0	0	0	0	0	0	0	0	0	0	0	0	0	0	0	0	0	0	0	0	1
